0	28999
1	31799
2	29182
3	25300
4	18271
5	10828
6	7969
7	6917
8	6052
9	7498
10	10690
11	14982
12	18551
13	19745
14	20034
15	19735
16	18012
17	19697
18	21390
19	18409
20	16363
21	15944
22	15184
23	11079
24	7480
25	4570
26	2870
27	2016
28	2475
29	4196
30	10898
31	17376
32	23013
33	22756
34	19765
35	19302
36	21036
37	21245
38	21643
39	21273
40	19193
41	23056
42	27334
43	26440
44	22366
45	20282
46	18597
47	13819
48	9776
49	6173
50	4027
51	2766
52	2759
53	4009
54	10615
55	18279
56	24752
57	25566
58	21400
59	20921
60	22043
61	22501
62	23148
63	22339
64	19898
65	24659
66	30533
67	30368
68	26767
69	26337
70	23812
71	17785
72	13073
73	8356
74	5540
75	3835
76	3344
77	3953
78	10407
79	18659
80	25055
81	25053
82	21388
83	21262
84	22634
85	22481
86	23799
87	22942
88	20436
89	25048
90	31225
91	33923
92	30098
93	27937
94	29966
95	28023
96	26170
97	21668
98	17321
99	12673
100	7885
101	3799
102	4291
103	6346
104	9091
105	13908
106	17600
107	20812
108	22293
109	23122
110	22783
111	23680
112	22374
113	25586
114	28463
115	30733
116	26881
117	25295
118	29893
119	31137
120	29515
121	26045
122	21732
123	16145
124	9698
125	4219
126	4080
127	5291
128	8342
129	11470
130	16225
131	19360
132	21876
133	21732
134	21887
135	21335
136	21025
137	21878
138	22617
139	20385
140	17821
141	15795
142	13841
143	11353
144	7629
145	4908
146	3128
147	2274
148	2426
149	4499
150	11756
151	21562
152	26553
153	24066
154	19433
155	18480
156	19320
157	19023
158	21364
159	21495
160	18850
161	23351
162	28773
163	27998
164	24476
165	20984
166	20024
167	14991
168	9364
169	5744
170	3784
171	2517
172	2311
173	4016
174	11448
175	22502
176	28286
177	25870
178	21917
179	20307
180	21633
181	21321
182	23190
183	22559
184	19114
185	24468
186	30009
187	29873
188	27106
189	26293
190	22523
191	15623
192	10098
193	6457
194	4026
195	2992
196	2699
197	4060
198	11570
199	22691
200	28506
201	25772
202	21366
203	21120
204	22393
205	21997
206	23690
207	23333
208	19153
209	24030
210	30768
211	30818
212	28870
213	28316
214	24686
215	18060
216	12301
217	7432
218	4855
219	3182
220	2917
221	4231
222	11603
223	23138
224	28868
225	26778
226	22705
227	21667
228	22770
229	21901
230	24379
231	23390
232	19873
233	25019
234	32550
235	33438
236	31512
237	30785
238	28896
239	23759
240	16997
241	11260
242	7393
243	4903
244	3931
245	4412
246	11824
247	22445
248	28163
249	26371
250	22541
251	22178
252	23856
253	24802
254	25682
255	24742
256	19742
257	24236
258	30854
259	35425
260	34020
261	32632
262	31886
263	31103
264	28271
265	23818
266	19456
267	14044
268	8556
269	4021
270	4316
271	6705
272	10588
273	15551
274	19578
275	21718
276	24030
277	24869
278	23934
279	24564
280	23142
281	25907
282	29518
283	32054
284	29259
285	28247
286	31038
287	34245
288	32565
289	28999
290	25051
291	19260
292	11753
293	4762
294	4206
295	5622
296	8425
297	12304
298	17727
299	22168
300	23758
301	23887
302	24171
303	23189
304	22755
305	23435
306	23617
307	20476
308	18256
309	16863
310	15512
311	13780
312	8804
313	5809
314	3556
315	2526
316	2648
317	4484
318	12378
319	22754
320	27858
321	25921
322	21127
323	20061
324	20918
325	20953
326	22479
327	22818
328	20218
329	24237
330	30127
331	29313
332	25953
333	26350
334	25948
335	16410
336	10453
337	6299
338	3903
339	2577
340	2315
341	4165
342	12128
343	23925
344	30119
345	28033
346	23952
347	23169
348	24116
349	23620
350	25604
351	24929
352	21219
353	26877
354	33693
355	34272
356	31525
357	30830
358	28378
359	20798
360	13562
361	7984
362	4888
363	3319
364	3096
365	4638
366	13356
367	24567
368	28891
369	27560
370	25380
371	24550
372	25096
373	23460
374	25454
375	23647
376	19717
377	25499
378	32445
379	33502
380	31175
381	29996
382	27903
383	20380
384	13578
385	8119
386	5333
387	3409
388	3221
389	4640
390	12400
391	24281
392	29467
393	27285
394	23528
395	22686
396	24035
397	23586
398	25768
399	24802
400	20143
401	25525
402	32971
403	33826
404	33292
405	32982
406	31583
407	26073
408	18472
409	11926
410	8070
411	5371
412	4512
413	5202
414	12375
415	23791
416	29574
417	27741
418	24961
419	24906
420	25687
421	25146
422	26940
423	24842
424	19957
425	24435
426	32611
427	35202
428	33834
429	31825
430	33842
431	32512
432	30113
433	24995
434	20668
435	15752
436	10312
437	5328
438	5674
439	7391
440	10916
441	15845
442	19344
443	21703
444	23463
445	24605
446	23648
447	23039
448	22177
449	25519
450	29896
451	31775
452	27835
453	26957
454	30795
455	32780
456	31939
457	28452
458	24394
459	19214
460	11924
461	5001
462	4323
463	5224
464	7770
465	11698
466	16510
467	19916
468	22221
469	23217
470	24254
471	23465
472	21789
473	23410
474	26980
475	22660
476	21077
477	21776
478	23100
479	19079
480	15281
481	10844
482	7523
483	5320
484	4185
485	3551
486	5768
487	8401
488	14025
489	16937
490	17599
491	19471
492	21388
493	22470
494	23731
495	23171
496	21289
497	23511
498	26439
499	23645
500	20298
501	18790
502	18130
503	12847
504	8367
505	4731
506	2911
507	2079
508	2197
509	4244
510	12930
511	24458
512	30404
513	28128
514	24425
515	23545
516	24378
517	23987
518	26281
519	26501
520	22441
521	27348
522	34289
523	34391
524	32321
525	30793
526	26588
527	18268
528	11345
529	6267
530	3764
531	2593
532	2553
533	4398
534	13282
535	25827
536	31289
537	29897
538	25728
539	24911
540	26415
541	25321
542	27318
543	26546
544	22068
545	27260
546	34446
547	35004
548	33347
549	31487
550	29058
551	20396
552	12738
553	7448
554	4618
555	2937
556	2794
557	4363
558	12768
559	24202
560	29316
561	27957
562	24414
563	24061
564	25035
565	24640
566	25767
567	26561
568	22331
569	27561
570	34732
571	37103
572	36144
573	35393
574	33212
575	26944
576	18473
577	11376
578	7371
579	4996
580	4066
581	4992
582	12682
583	25214
584	31492
585	29682
586	25741
587	25183
588	26489
589	26115
590	28362
591	26479
592	22449
593	24585
594	28022
595	30203
596	30291
597	30243
598	31241
599	31441
600	28235
601	23543
602	19343
603	14422
604	8982
605	4397
606	4876
607	7859
608	12733
609	18158
610	21852
611	25357
612	27404
613	28169
614	26388
615	27177
616	24623
617	26890
618	33907
619	35471
620	33356
621	32605
622	35490
623	35966
624	33467
625	29979
626	25793
627	20015
628	12320
629	5333
630	4798
631	6944
632	10021
633	14229
634	20006
635	23442
636	26092
637	25805
638	25543
639	24476
640	22089
641	22978
642	25875
643	22788
644	19916
645	19501
646	16720
647	12703
648	8203
649	4718
650	3186
651	2273
652	2682
653	4540
654	12271
655	22731
656	27945
657	26874
658	22552
659	20856
660	23808
661	22157
662	25172
663	26115
664	21167
665	24779
666	31033
667	30189
668	26569
669	24416
670	21517
671	15036
672	8957
673	5457
674	3442
675	2167
676	2157
677	4089
678	12268
679	23439
680	28931
681	26936
682	22629
683	21746
684	22835
685	22974
686	24739
687	24373
688	20233
689	25839
690	34029
691	33598
692	30748
693	29710
694	26405
695	19679
696	11970
697	7070
698	4402
699	2864
700	2754
701	4075
702	12223
703	24404
704	29414
705	27544
706	23059
707	22266
708	23248
709	22761
710	24617
711	24018
712	19304
713	24253
714	31441
715	32549
716	29765
717	28875
718	27680
719	21822
720	15152
721	9119
722	5784
723	3774
724	3157
725	4655
726	13157
727	24031
728	28771
729	27429
730	23766
731	23002
732	24318
733	23542
734	25809
735	25502
736	21155
737	26174
738	33959
739	35814
740	35582
741	34884
742	33213
743	29412
744	21200
745	13140
746	8518
747	5589
748	4522
749	5038
750	12683
751	23798
752	29193
753	28378
754	25507
755	25723
756	26171
757	25867
758	27574
759	25113
760	21364
761	26252
762	33752
763	36492
764	35916
765	34738
766	35481
767	35067
768	32538
769	27536
770	22988
771	16779
772	10555
773	4988
774	5162
775	7412
776	12405
777	18019
778	21876
779	25051
780	27806
781	28257
782	27458
783	27698
784	24761
785	27380
786	34359
787	35280
788	32718
789	31512
790	33216
791	34023
792	31965
793	28060
794	24298
795	18790
796	11116
797	4620
798	4198
799	5578
800	8850
801	12980
802	18596
803	22309
804	24137
805	24260
806	24220
807	24102
808	24497
809	29128
810	30310
811	18568
812	18392
813	18890
814	20145
815	24614
816	12080
817	6049
818	4010
819	2703
820	2846
821	4780
822	12535
823	23072
824	28368
825	26317
826	22119
827	21049
828	22535
829	22173
830	23489
831	24266
832	21521
833	26347
834	31477
835	30985
836	27671
837	25288
838	21544
839	13869
840	8951
841	5056
842	3155
843	2098
844	2240
845	4102
846	12715
847	24214
848	29774
849	27938
850	24015
851	22447
852	23751
853	23449
854	25603
855	24293
856	20516
857	26125
858	32865
859	32755
860	31484
861	29884
862	26472
863	18735
864	12060
865	6635
866	4054
867	2759
868	2571
869	4209
870	12248
871	24628
872	29413
873	27824
874	23482
875	23140
876	24915
877	23944
878	25430
879	24838
880	21347
881	26494
882	33573
883	34100
884	33508
885	32981
886	29894
887	22396
888	15090
889	8627
890	5488
891	3546
892	3270
893	4622
894	12761
895	25661
896	30560
897	28684
898	25539
899	24938
900	26486
901	25802
902	27770
903	25752
904	20448
905	24477
906	32029
907	34891
908	34490
909	34206
910	32403
911	27565
912	21306
913	13682
914	9358
915	6395
916	5356
917	5626
918	12466
919	23447
920	28490
921	27377
922	24759
923	24717
924	26201
925	24759
926	25115
927	21355
928	15568
929	15971
930	19683
931	20980
932	17293
933	15743
934	15185
935	11811
936	8505
937	6725
938	5283
939	4144
940	2921
941	1754
942	2008
943	3109
944	4971
945	8184
946	11785
947	14903
948	17764
949	19589
950	20479
951	22140
952	22303
953	25698
954	30465
955	33213
956	30383
957	29688
958	32428
959	33564
960	31167
961	26919
962	22721
963	18389
964	11227
965	5197
966	4961
967	6023
968	9443
969	14477
970	19365
971	22702
972	25385
973	24609
974	23968
975	23812
976	22712
977	24589
978	26967
979	24405
980	20098
981	18858
982	17577
983	14041
984	9520
985	5402
986	3497
987	2416
988	2613
989	4991
990	13173
991	23390
992	27548
993	26514
994	23855
995	22526
996	22109
997	21595
998	23727
999	23786
1000	20786
1001	25540
1002	31123
1003	31342
1004	28007
1005	26149
1006	22852
1007	16486
1008	10727
1009	6761
1010	3940
1011	2667
1012	2628
1013	4452
1014	12485
1015	24365
1016	28713
1017	27472
1018	24769
1019	24054
1020	24915
1021	23813
1022	26069
1023	25187
1024	20980
1025	25780
1026	32442
1027	33942
1028	33078
1029	32002
1030	29258
1031	23464
1032	15397
1033	8936
1034	5591
1035	3726
1036	3268
1037	4434
1038	12815
1039	25077
1040	29437
1041	27971
1042	24661
1043	24426
1044	25506
1045	24792
1046	26725
1047	25420
1048	20766
1049	25660
1050	32814
1051	34323
1052	33493
1053	32000
1054	30863
1055	26149
1056	16493
1057	9925
1058	6391
1059	3899
1060	3562
1061	4834
1062	12935
1063	24736
1064	29243
1065	27848
1066	24433
1067	23810
1068	25260
1069	24589
1070	26318
1071	24145
1072	19518
1073	24584
1074	31449
1075	34694
1076	34581
1077	33451
1078	32449
1079	28329
1080	22487
1081	14735
1082	9990
1083	6637
1084	5127
1085	5279
1086	12382
1087	23180
1088	28384
1089	26997
1090	23674
1091	23591
1092	24585
1093	24331
1094	25912
1095	23506
1096	18785
1097	23480
1098	30525
1099	33783
1100	32686
1101	31507
1102	32661
1103	32905
1104	30822
1105	26359
1106	21800
1107	16588
1108	10533
1109	5071
1110	5894
1111	7364
1112	11729
1113	16405
1114	19758
1115	22694
1116	24916
1117	25962
1118	24564
1119	25140
1120	23052
1121	26640
1122	31714
1123	34290
1124	31377
1125	30795
1126	33382
1127	35442
1128	33334
1129	29682
1130	25318
1131	20120
1132	12712
1133	5562
1134	4952
1135	5455
1136	7946
1137	12775
1138	18781
1139	23179
1140	25946
1141	26735
1142	26128
1143	25798
1144	23346
1145	25155
1146	28678
1147	28103
1148	25717
1149	25374
1150	24146
1151	21267
1152	16371
1153	11452
1154	8194
1155	5766
1156	4308
1157	3537
1158	6280
1159	9011
1160	14108
1161	17445
1162	19149
1163	20814
1164	22787
1165	22705
1166	23713
1167	23587
1168	22006
1169	25009
1170	28018
1171	26130
1172	22096
1173	21396
1174	18849
1175	14373
1176	9356
1177	5200
1178	3176
1179	2206
1180	2365
1181	4438
1182	11920
1183	20405
1184	25778
1185	26108
1186	22113
1187	20893
1188	23870
1189	26496
1190	25770
1191	23321
1192	19945
1193	24793
1194	30784
1195	30038
1196	28410
1197	26726
1198	24314
1199	17958
1200	11398
1201	6495
1202	4079
1203	2766
1204	2641
1205	4365
1206	12397
1207	23520
1208	28825
1209	27574
1210	24430
1211	23932
1212	25535
1213	24711
1214	26775
1215	25770
1216	21661
1217	26754
1218	34004
1219	35505
1220	33984
1221	33009
1222	29688
1223	22689
1224	13958
1225	8158
1226	5087
1227	3303
1228	3035
1229	4513
1230	12734
1231	24245
1232	29649
1233	28677
1234	25109
1235	24608
1236	25759
1237	24895
1238	26571
1239	25854
1240	21363
1241	26661
1242	34557
1243	36811
1244	36083
1245	35194
1246	33150
1247	28105
1248	20487
1249	12925
1250	8458
1251	5721
1252	4480
1253	4843
1254	12362
1255	23568
1256	29446
1257	28063
1258	25474
1259	25026
1260	25529
1261	25524
1262	27244
1263	24938
1264	20972
1265	26321
1266	33409
1267	36164
1268	34827
1269	33348
1270	34358
1271	35251
1272	32872
1273	27383
1274	22717
1275	16965
1276	10608
1277	5107
1278	5407
1279	7579
1280	12575
1281	19165
1282	24083
1283	27589
1284	29876
1285	29866
1286	31242
1287	29082
1288	24236
1289	26910
1290	33216
1291	35056
1292	32053
1293	31379
1294	34519
1295	35327
1296	33428
1297	29336
1298	25358
1299	20157
1300	12313
1301	5367
1302	4874
1303	6328
1304	11043
1305	14821
1306	20373
1307	23179
1308	24835
1309	25718
1310	25399
1311	24599
1312	22607
1313	24427
1314	28124
1315	24632
1316	18920
1317	18358
1318	17653
1319	12934
1320	16882
1321	5641
1322	3392
1323	2385
1324	2648
1325	4657
1326	12644
1327	22796
1328	27451
1329	25978
1330	21938
1331	20417
1332	21329
1333	21923
1334	23628
1335	23309
1336	20598
1337	25288
1338	30976
1339	29919
1340	26934
1341	25049
1342	21122
1343	15051
1344	9781
1345	5574
1346	3561
1347	2369
1348	2316
1349	4147
1350	12538
1351	23578
1352	29305
1353	27609
1354	23908
1355	22560
1356	23724
1357	23459
1358	25187
1359	24976
1360	21032
1361	25870
1362	32775
1363	34987
1364	33432
1365	31701
1366	30375
1367	21848
1368	14482
1369	8339
1370	4824
1371	3134
1372	2889
1373	5021
1374	14697
1375	26295
1376	30270
1377	28606
1378	25657
1379	24498
1380	24127
1381	22562
1382	24561
1383	23750
1384	20078
1385	25309
1386	32482
1387	33769
1388	31997
1389	30786
1390	28692
1391	22208
1392	14656
1393	8794
1394	5736
1395	3744
1396	3335
1397	4731
1398	12941
1399	24737
1400	29376
1401	27919
1402	23783
1403	23278
1404	24500
1405	24303
1406	26731
1407	24507
1408	19851
1409	25319
1410	33441
1411	35102
1412	34095
1413	33842
1414	32018
1415	28151
1416	21867
1417	13703
1418	9420
1419	6294
1420	5061
1421	5241
1422	13001
1423	23503
1424	28972
1425	27545
1426	24554
1427	24207
1428	25366
1429	25286
1430	27031
1431	24831
1432	20707
1433	26169
1434	33620
1435	36725
1436	36297
1437	34875
1438	34978
1439	35239
1440	33166
1441	28532
1442	23388
1443	17582
1444	11293
1445	5259
1446	5858
1447	7816
1448	12868
1449	18759
1450	22139
1451	25101
1452	27902
1453	28582
1454	27819
1455	27227
1456	24130
1457	28282
1458	34685
1459	36055
1460	34009
1461	33201
1462	34796
1463	36205
1464	34342
1465	30455
1466	25850
1467	20107
1468	12721
1469	5553
1470	5018
1471	6557
1472	9702
1473	14923
1474	20788
1475	24428
1476	27016
1477	26575
1478	26304
1479	25657
1480	22530
1481	24454
1482	27500
1483	25856
1484	22326
1485	21004
1486	19288
1487	14358
1488	9710
1489	5396
1490	3602
1491	2555
1492	2811
1493	4948
1494	12932
1495	23152
1496	27100
1497	25758
1498	22454
1499	21520
1500	22349
1501	21720
1502	24175
1503	24348
1504	21609
1505	26795
1506	32903
1507	32568
1508	29476
1509	27288
1510	24023
1511	17399
1512	10962
1513	6094
1514	3852
1515	2362
1516	2568
1517	4416
1518	12524
1519	24323
1520	28932
1521	27673
1522	23918
1523	22744
1524	23986
1525	23467
1526	25576
1527	24474
1528	20983
1529	26678
1530	33007
1531	33625
1532	32229
1533	30761
1534	27918
1535	20743
1536	13173
1537	7543
1538	4827
1539	3226
1540	2902
1541	4439
1542	12693
1543	25117
1544	30344
1545	28620
1546	24993
1547	25671
1548	26067
1549	24985
1550	26770
1551	25855
1552	21528
1553	26841
1554	33807
1555	34862
1556	33025
1557	31297
1558	28140
1559	21584
1560	14420
1561	8103
1562	5085
1563	3398
1564	3003
1565	4347
1566	12748
1567	25285
1568	30524
1569	28374
1570	25157
1571	24308
1572	26023
1573	25858
1574	27415
1575	27272
1576	21946
1577	27702
1578	33371
1579	35805
1580	34527
1581	33400
1582	31750
1583	28495
1584	20823
1585	13108
1586	8415
1587	5693
1588	4472
1589	5073
1590	13371
1591	23270
1592	26596
1593	25210
1594	23971
1595	24471
1596	24305
1597	24503
1598	25808
1599	24363
1600	21066
1601	27044
1602	33791
1603	36569
1604	33987
1605	32212
1606	33425
1607	34041
1608	31879
1609	26772
1610	21680
1611	16429
1612	10416
1613	5036
1614	5662
1615	8342
1616	12918
1617	18435
1618	22645
1619	25231
1620	27073
1621	27312
1622	26794
1623	26454
1624	22626
1625	25444
1626	32491
1627	34259
1628	32280
1629	31410
1630	34616
1631	35996
1632	33160
1633	29274
1635	26605
1636	17985
1637	9678
1638	6046
1639	6431
1640	8771
1641	13501
1642	18795
1643	23008
1644	25283
1645	26195
1646	25886
1647	25067
1648	22185
1649	23501
1650	26448
1651	25316
1652	22362
1653	20655
1654	18040
1655	14145
1656	10024
1657	5969
1658	3790
1659	2746
1660	2899
1661	4442
1662	11728
1663	22242
1664	27261
1665	26637
1666	22540
1667	21077
1668	22122
1669	21453
1670	23475
1671	23715
1672	21264
1673	25301
1674	30605
1675	30432
1676	27522
1677	25314
1678	22466
1679	16459
1680	10746
1681	6648
1682	3952
1683	2484
1684	2583
1685	4406
1686	12652
1687	24380
1688	29061
1689	28073
1690	26309
1691	26560
1692	26271
1693	26562
1694	27146
1695	25518
1696	18789
1697	24302
1698	30643
1699	31400
1700	30242
1701	29499
1702	26490
1703	20206
1704	13404
1705	7980
1706	4983
1707	3435
1708	2944
1709	4345
1710	12073
1711	24121
1712	29968
1713	27405
1714	24493
1715	24566
1716	25107
1717	24110
1718	25536
1719	24771
1720	20103
1721	25469
1722	33046
1723	34356
1724	33661
1725	33032
1726	30205
1727	25730
1728	17225
1729	10078
1730	6531
1731	4114
1732	3666
1733	4820
1734	12656
1735	24884
1736	30504
1737	29209
1738	27445
1739	27140
1740	27682
1741	26485
1742	27260
1743	25114
1744	19771
1745	25475
1746	32437
1747	35569
1748	35519
1749	35203
1750	33710
1751	30163
1752	23080
1753	14615
1754	9791
1755	6677
1756	5263
1757	5488
1758	12564
1759	24041
1760	28678
1761	28200
1762	26221
1763	25879
1764	25783
1765	24846
1766	27087
1767	24717
1768	19153
1769	24587
1770	31565
1771	34584
1772	34216
1773	33481
1774	34630
1775	34214
1776	31727
1777	27672
1778	22867
1779	16837
1780	11005
1781	5342
1782	5768
1783	8043
1784	13119
1785	18835
1786	21820
1787	24930
1788	27627
1789	28651
1790	28866
1791	26632
1792	21129
1793	27100
1794	33913
1795	34935
1796	33992
1797	33076
1798	34591
1799	35579
1800	33256
1801	29406
1802	24414
1803	18761
1804	12088
1805	6004
1806	7365
1807	6833
1808	9869
1809	14910
1810	19998
1811	23753
1812	27066
1813	27255
1814	27014
1815	25312
1816	22724
1817	25224
1818	26799
1819	25305
1820	23270
1821	21630
1822	19703
1823	15775
1824	10598
1825	6750
1826	4388
1827	3136
1828	3371
1829	4989
1830	12391
1831	21424
1832	26190
1833	25968
1834	22772
1835	21136
1836	22322
1837	21921
1838	23654
1839	22872
1840	21233
1841	26785
1842	32900
1843	32210
1844	27010
1845	24471
1846	22107
1847	17464
1848	11511
1849	6666
1850	4047
1851	2443
1852	2465
1853	4244
1854	12132
1855	22500
1856	27451
1857	27650
1858	24587
1859	26266
1860	24632
1861	21624
1862	22903
1863	22225
1864	19191
1865	24269
1866	30618
1867	32712
1868	29786
1869	29904
1870	26979
1871	20223
1872	13340
1873	7744
1874	5001
1875	3269
1876	3077
1877	4545
1878	12306
1879	22559
1880	28284
1881	28347
1882	23630
1883	22667
1884	23796
1885	23218
1886	24209
1887	23355
1888	19374
1889	24151
1890	31465
1891	32995
1892	31897
1893	31814
1894	29371
1895	23365
1896	15462
1897	9107
1898	5873
1899	3893
1900	3449
1901	4654
1902	12289
1903	22873
1904	29199
1905	28259
1906	24792
1907	23650
1908	24886
1909	24200
1910	23010
1911	21672
1912	16666
1913	21389
1914	28382
1915	31359
1916	34346
1917	33812
1918	32462
1919	29319
1920	21629
1921	13769
1922	8880
1923	6052
1924	4819
1925	4927
1926	12026
1927	21542
1928	27361
1929	26719
1930	24140
1931	23779
1932	24915
1933	24313
1934	26154
1935	24440
1936	20071
1937	26296
1938	33554
1939	36528
1940	34507
1941	33378
1942	34373
1943	34075
1944	32125
1945	27080
1946	21943
1947	16662
1948	10676
1949	5118
1950	5293
1951	7633
1952	11287
1953	16807
1954	20916
1955	24036
1956	26160
1957	26534
1958	26180
1959	25995
1960	22767
1961	26603
1962	32029
1963	34425
1964	32218
1965	31594
1966	34292
1967	34959
1968	33326
1969	29537
1970	25805
1971	20405
1972	13090
1973	5658
1974	4956
1975	5958
1976	8589
1977	13127
1978	19220
1979	22196
1980	24430
1981	24832
1982	25012
1983	23579
1984	21868
1985	23517
1986	25216
1987	23235
1988	21280
1989	20433
1990	18533
1991	14199
1992	9996
1993	6287
1994	3911
1995	2840
1996	2960
1997	4544
1998	11605
1999	19537
2000	24667
2001	24813
2002	21593
2003	21477
2004	22034
2005	22019
2006	24999
2007	23545
2008	20867
2009	25790
2010	30183
2011	27896
2012	24519
2013	22762
2014	22517
2015	17567
2016	10873
2017	6092
2018	3741
2019	2425
2020	2453
2021	3978
2022	10557
2023	18859
2024	24918
2025	25155
2026	21195
2027	20494
2028	21520
2029	21198
2030	22703
2031	23296
2032	19196
2033	24602
2034	30956
2035	33881
2036	31790
2037	30670
2038	28317
2039	21532
2040	14442
2041	8339
2042	5099
2043	3436
2044	3015
2045	4289
2046	11480
2047	19605
2048	25928
2049	25993
2050	22983
2051	21933
2052	23461
2053	23341
2054	23799
2055	22768
2056	19560
2057	24492
2058	30907
2059	33158
2060	32285
2061	31088
2062	30287
2063	25165
2064	17203
2065	10307
2066	6559
2067	4271
2068	3742
2069	4453
2070	11263
2071	20156
2072	26652
2073	27528
2074	23932
2075	23649
2076	25494
2077	25206
2078	26312
2079	22943
2080	18317
2081	22723
2082	29929
2083	32944
2084	33437
2085	33092
2086	32521
2087	29592
2088	25588
2089	17421
2090	12043
2091	8441
2092	6113
2093	4780
2094	7779
2095	12263
2096	20808
2097	24077
2098	23030
2099	23183
2100	24595
2101	23710
2102	25875
2103	24234
2104	19967
2105	25056
2106	31277
2107	33836
2108	31310
2109	29773
2110	32030
2111	31815
2112	30399
2113	26237
2114	21879
2115	16201
2116	10671
2117	5039
2118	4982
2119	6298
2120	9754
2121	14859
2122	19201
2123	22223
2124	23780
2125	24420
2126	24100
2127	24384
2128	21421
2129	24571
2130	28358
2131	31175
2132	28172
2133	26945
2134	29127
2135	30341
2136	28518
2137	25982
2138	21334
2139	16674
2140	11281
2141	5135
2142	4450
2143	5628
2144	8456
2145	12934
2146	19647
2147	21573
2148	23986
2149	24480
2150	25012
2151	21779
2152	20963
2153	22770
2154	24334
2155	24356
2156	24907
2157	21784
2158	19819
2159	11355
2160	9087
2161	5280
2162	3377
2163	2309
2164	2667
2165	4489
2166	11080
2167	19017
2168	23611
2169	23859
2170	20569
2171	20069
2172	20851
2173	20752
2174	21736
2175	22214
2176	21739
2177	25907
2178	28795
2179	28183
2180	27550
2181	26672
2182	23057
2183	16127
2184	11157
2185	6281
2186	3717
2187	2470
2188	2558
2189	4321
2190	11905
2191	22513
2192	27530
2193	27400
2194	23889
2195	23592
2196	24643
2197	23951
2198	25874
2199	25298
2200	21321
2201	26388
2202	33436
2203	33920
2204	33126
2205	31328
2206	27626
2207	21305
2208	13772
2209	7799
2210	4768
2211	3106
2212	2855
2213	4279
2214	12402
2215	24473
2216	28862
2217	28038
2218	24656
2219	24719
2220	25457
2221	24603
2222	25989
2223	24919
2224	19847
2225	24423
2226	31639
2227	34328
2228	33901
2229	33169
2230	31414
2231	24446
2232	15713
2233	8996
2234	5502
2235	3515
2236	3272
2237	4490
2238	12854
2239	24936
2240	29395
2241	28080
2242	25184
2243	24772
2244	25799
2245	25133
2246	26423
2247	25079
2248	20175
2249	25729
2250	32816
2251	34612
2252	34575
2253	33849
2254	32857
2255	28834
2256	21712
2257	14025
2258	9163
2259	6234
2260	4793
2261	4954
2262	12457
2263	23395
2264	29155
2265	27881
2266	24597
2267	24358
2268	25120
2269	23599
2270	26003
2271	23923
2272	19446
2273	24516
2274	32048
2275	35655
2276	35525
2277	34607
2278	35749
2279	35521
2280	32259
2281	28159
2282	22626
2283	16657
2284	10628
2285	4874
2286	5862
2287	10012
2288	13762
2289	19036
2290	22414
2291	25152
2292	26940
2293	26408
2294	25187
2295	23537
2296	18687
2297	21886
2298	27995
2299	27931
2300	28603
2301	29571
2302	32064
2303	32927
2304	30594
2305	28312
2306	25387
2307	20348
2308	12654
2309	5474
2310	4859
2311	6202
2312	9307
2313	14020
2314	20008
2315	24083
2316	25832
2317	25739
2318	25347
2319	23598
2320	19058
2321	20990
2322	24862
2323	22751
2324	20244
2325	17995
2326	17729
2327	15772
2328	10112
2329	5779
2330	3649
2331	2558
2332	2764
2333	4597
2334	12389
2335	22459
2336	25902
2337	24267
2338	20797
2339	20104
2340	21245
2341	20489
2342	22552
2343	22855
2344	19957
2345	24325
2346	29628
2347	29944
2348	28508
2349	25221
2350	22338
2351	18081
2352	12947
2353	6578
2354	4004
2355	2578
2356	2564
2357	4217
2358	12178
2359	23972
2360	27777
2361	26055
2362	22578
2363	21911
2364	22652
2365	22342
2366	24166
2367	23435
2368	19133
2369	24805
2370	31494
2371	31703
2372	30623
2373	29729
2374	27871
2375	21849
2376	14483
2377	8507
2378	5224
2379	3469
2380	3122
2381	4335
2382	12357
2383	23865
2384	28511
2385	26701
2386	23101
2387	23010
2388	23466
2389	23025
2390	24724
2391	23675
2392	19182
2393	25213
2394	32794
2395	37090
2396	31883
2397	30031
2398	31736
2399	23707
2400	15160
2401	8774
2402	6209
2403	3770
2404	3262
2405	4586
2406	12668
2407	24653
2408	29403
2409	27797
2410	24514
2411	23272
2412	24880
2413	24347
2414	26031
2415	24515
2416	19251
2417	25292
2418	32753
2419	34477
2420	34511
2421	33901
2422	32608
2423	28572
2424	21363
2425	13729
2426	9145
2427	6195
2428	4920
2429	5089
2430	13090
2431	25448
2432	30403
2433	29684
2434	28192
2435	27031
2436	25826
2437	24157
2438	27279
2439	24069
2440	19613
2441	26183
2442	33088
2443	35952
2444	34852
2445	32579
2446	33267
2447	33706
2448	31793
2449	25598
2450	20429
2451	14906
2452	9552
2453	4773
2454	5606
2455	8695
2456	13017
2457	18854
2458	22809
2459	25656
2460	27168
2461	28370
2462	26490
2463	26218
2464	22204
2465	25669
2466	32032
2467	33083
2468	32010
2469	31343
2470	33861
2471	35082
2472	33724
2473	29094
2474	25897
2475	20405
2476	13082
2477	5609
2478	5461
2479	7753
2480	10223
2481	15369
2482	20756
2483	24189
2484	26271
2485	26005
2486	25889
2487	23775
2488	21060
2489	23101
2490	25218
2491	24565
2492	22803
2493	21022
2494	19080
2495	15355
2496	9611
2497	6033
2498	3707
2499	2557
2500	2935
2501	4755
2502	12676
2503	22803
2504	27203
2505	25787
2506	22366
2507	21704
2508	22657
2509	22060
2510	23786
2511	23697
2512	20911
2513	25691
2514	31348
2515	31179
2516	29208
2517	27008
2518	23727
2519	17667
2520	11449
2521	6376
2522	4201
2523	2706
2524	2566
2525	4434
2526	12488
2527	23584
2528	28162
2529	26205
2530	23467
2531	22243
2532	23465
2533	22933
2534	24816
2535	24556
2536	20070
2537	24715
2538	31234
2539	32213
2540	30838
2541	29602
2542	26953
2543	21854
2544	13729
2545	8171
2546	5096
2547	3355
2548	3008
2549	4609
2550	13590
2551	24377
2552	29354
2553	27987
2554	24129
2555	23700
2556	23815
2557	24067
2558	24649
2559	23909
2560	19212
2561	24317
2562	30799
2563	32681
2564	31642
2565	31375
2566	30011
2567	24258
2568	15894
2569	9925
2570	6190
2571	3952
2572	3513
2573	4875
2574	12801
2575	24266
2576	28697
2577	27440
2578	24433
2579	24432
2580	25580
2581	25175
2582	26233
2583	25041
2584	20098
2585	25049
2586	32073
2587	33852
2588	33227
2589	32714
2590	32065
2591	28530
2592	21899
2593	14242
2594	9249
2595	6186
2596	4742
2597	5127
2598	12574
2599	23254
2600	28220
2601	26754
2602	24516
2603	24106
2604	25236
2605	23941
2606	25615
2607	23401
2608	18897
2609	24733
2610	32224
2611	35295
2612	33773
2613	32146
2614	34071
2615	33859
2616	31446
2617	27372
2618	22983
2619	16762
2620	10117
2621	5034
2622	5644
2623	8509
2624	13646
2625	19867
2626	23061
2627	25831
2628	27570
2629	27330
2630	26798
2631	26067
2632	22566
2633	26605
2634	32561
2635	34751
2636	33033
2637	32520
2638	35359
2639	35497
2640	33853
2641	30033
2642	25778
2643	20186
2644	12632
2645	5574
2646	5067
2647	7627
2648	10239
2649	15398
2650	20692
2651	23918
2652	25926
2653	25639
2654	25657
2655	23686
2656	21036
2657	22574
2658	25659
2659	24123
2660	22706
2661	21048
2662	18888
2663	15385
2664	10256
2665	6191
2666	3782
2667	2437
2668	2772
2669	4575
2670	12519
2671	22470
2672	26909
2673	25376
2674	21470
2675	21364
2676	22201
2677	22102
2678	24121
2679	23801
2680	20689
2681	25507
2682	31229
2683	29891
2684	28996
2685	27478
2686	23875
2687	17611
2688	11786
2689	6892
2690	3888
2691	2461
2692	2365
2693	4193
2694	12563
2695	24463
2696	28990
2697	27912
2698	24678
2699	24487
2700	24696
2701	23699
2702	25837
2703	24586
2704	20256
2705	26310
2706	32604
2707	32717
2708	31854
2709	30336
2710	28049
2711	23180
2712	14452
2713	8275
2714	4953
2715	3369
2716	3154
2717	4526
2718	13044
2719	24119
2720	28503
2721	26997
2722	23364
2723	23042
2724	23695
2725	22955
2726	24677
2727	23750
2728	19356
2729	25153
2730	31567
2731	32918
2732	32316
2733	32182
2734	30047
2735	24137
2736	16627
2737	10383
2738	6266
2739	4108
2740	3730
2741	5028
2742	13420
2743	24471
2744	29021
2745	27446
2746	23825
2747	23638
2748	24735
2749	24206
2750	25413
2751	23623
2752	18395
2753	23274
2754	31010
2755	33111
2756	33673
2757	32656
2758	31447
2759	29068
2760	22792
2761	14864
2762	9836
2763	6772
2764	5156
2765	5223
2766	12442
2767	23143
2768	27339
2769	25953
2770	23132
2771	23581
2772	24174
2773	22928
2774	25177
2775	22816
2776	18378
2777	23694
2778	32049
2779	35444
2780	33969
2781	32638
2782	33640
2783	33875
2784	31181
2785	26877
2786	22040
2787	15967
2788	10539
2789	5083
2790	5501
2791	8131
2792	12631
2793	18159
2794	21515
2795	23954
2796	25436
2797	25632
2798	24987
2799	24366
2800	20645
2801	24184
2802	30362
2803	32563
2804	31330
2805	31110
2806	32956
2807	33168
2808	31339
2809	28114
2810	24209
2811	19122
2812	12265
2813	5476
2814	4818
2815	6592
2816	9584
2817	14409
2818	19558
2819	22374
2820	24858
2821	24613
2822	24830
2823	23385
2824	21928
2825	23266
2826	26098
2827	24319
2828	22577
2829	20674
2830	18821
2831	14671
2832	10119
2833	5846
2834	4015
2835	2578
2836	2772
2837	4713
2838	12911
2839	22812
2840	27442
2841	26646
2842	22876
2843	22713
2844	23315
2845	24271
2846	24875
2847	23496
2848	20262
2849	25126
2850	31149
2851	29273
2852	27417
2853	25740
2854	22437
2855	16310
2856	10713
2857	6446
2858	4044
2859	2617
2860	2446
2861	4285
2862	12403
2863	23610
2864	27889
2865	26263
2866	22638
2867	21808
2868	22965
2869	22579
2870	24341
2871	23528
2872	19403
2873	24648
2874	31613
2875	32066
2876	31757
2877	31037
2878	28825
2879	22575
2880	14094
2881	8480
2882	5179
2883	3522
2884	3101
2885	4567
2886	12622
2887	23688
2888	27621
2889	26533
2890	23319
2891	22871
2892	23758
2893	23162
2894	24585
2895	23610
2896	19048
2897	23470
2898	29928
2899	33084
2900	32729
2901	32124
2902	30768
2903	24791
2904	16384
2905	9702
2906	6161
2907	3955
2908	3564
2909	4893
2910	12949
2911	24201
2912	28601
2913	26966
2914	23866
2915	23588
2916	24987
2917	23982
2918	25199
2919	24135
2920	18947
2921	24520
2922	31888
2923	34515
2924	34032
2925	33809
2926	32740
2927	29566
2928	22288
2929	14797
2930	9854
2931	6444
2932	4792
2933	5296
2934	12480
2935	23147
2936	27501
2937	26289
2938	24037
2939	24401
2940	24580
2941	23422
2942	25484
2943	23234
2944	18818
2945	24847
2946	33337
2947	36572
2948	35413
2949	33978
2950	35496
2951	34452
2952	30777
2953	25973
2954	20903
2955	15359
2956	9938
2957	5006
2958	5457
2959	8595
2960	13062
2961	18175
2962	21684
2963	24253
2964	26227
2965	26649
2966	26101
2967	26144
2968	21968
2969	25630
2970	31529
2971	34918
2972	33142
2973	32913
2974	34956
2975	35202
2976	33023
2977	29126
2978	24050
2979	17962
2980	11256
2981	5183
2982	4861
2983	6546
2984	10048
2985	14023
2986	18553
2987	22365
2988	24529
2989	25080
2990	25769
2991	24929
2992	22260
2993	24877
2994	28027
2995	26752
2996	25597
2997	24083
2998	22148
2999	17349
3000	12129
3001	7582
3002	4234
3003	3023
3004	3114
3005	4758
3006	12269
3007	22761
3008	26608
3009	26585
3010	22939
3011	23041
3012	23754
3013	22494
3014	24027
3015	23976
3016	20669
3017	25137
3018	31132
3019	30092
3020	28007
3021	27164
3022	24747
3023	17886
3024	12092
3025	7236
3026	4391
3027	2782
3028	2584
3029	4446
3030	12375
3031	24001
3032	28019
3033	26965
3034	23627
3035	23224
3036	24064
3037	23994
3038	25414
3039	24319
3040	19505
3041	25149
3042	32406
3043	32170
3044	30945
3045	30838
3046	28546
3047	21713
3048	14832
3049	8936
3050	5963
3051	4142
3052	3318
3053	5006
3054	15134
3055	25881
3056	27626
3057	26289
3058	24754
3059	24808
3060	27789
3061	24708
3062	23709
3063	22786
3064	18901
3065	24400
3066	29711
3067	31957
3068	32155
3069	31545
3070	30033
3071	24928
3072	16989
3073	10331
3074	6230
3075	3805
3076	3445
3077	4697
3078	13398
3079	25701
3080	28800
3081	28736
3082	27153
3083	25581
3084	24481
3085	23491
3086	24888
3087	23318
3088	18366
3089	23735
3090	31368
3091	33436
3092	32904
3093	33567
3094	32826
3095	29506
3096	22987
3097	15555
3098	9909
3099	6653
3100	5170
3101	5279
3102	12223
3103	22876
3104	27777
3105	26883
3106	24406
3107	24617
3108	24954
3109	23098
3110	25053
3111	22334
3112	17811
3113	22915
3114	31044
3115	34095
3116	33198
3117	32468
3118	33532
3119	33474
3120	32627
3121	28189
3122	22406
3123	16114
3124	10019
3125	5066
3126	5704
3127	8054
3128	14239
3129	19541
3130	22983
3131	25536
3132	27303
3133	27101
3134	25836
3135	26376
3136	21255
3137	23761
3138	29747
3139	31906
3140	28093
3141	26817
3142	29559
3143	31900
3144	30458
3145	26493
3146	22151
3147	16766
3148	10769
3149	5146
3150	4750
3151	6831
3152	9638
3153	14818
3154	20848
3155	23832
3156	25025
3157	24538
3158	24336
3159	22418
3160	19432
3161	21457
3162	24096
3163	24445
3164	23152
3165	22587
3166	20961
3167	16246
3168	10239
3169	6576
3170	3996
3171	2707
3172	2954
3173	4708
3174	12355
3175	21899
3176	25779
3177	24946
3178	22007
3179	21704
3180	22575
3181	21864
3182	23467
3183	23382
3184	20005
3185	25023
3186	30820
3187	30139
3188	29586
3189	28390
3190	25561
3191	19442
3192	12478
3193	7369
3194	4510
3195	2832
3196	2756
3197	4694
3198	12604
3199	23483
3200	27335
3201	26140
3202	23370
3203	23134
3204	24148
3205	23845
3206	25306
3207	24433
3208	19349
3209	24389
3210	30981
3211	32550
3212	31519
3213	31041
3214	28627
3215	23454
3216	15094
3217	9074
3218	5717
3219	3634
3220	3332
3221	4728
3222	12520
3223	23909
3224	28094
3225	26645
3226	23941
3227	25351
3228	25647
3229	23896
3230	25242
3231	23742
3232	19297
3233	24388
3234	31654
3235	32838
3236	31801
3237	32167
3238	30858
3239	24790
3240	17491
3241	11145
3242	7285
3243	4765
3244	3944
3245	5041
3246	12600
3247	24193
3248	28272
3249	26936
3250	24341
3251	23971
3252	25320
3253	24251
3254	25592
3255	23750
3256	18679
3257	24967
3258	31984
3259	34137
3260	32909
3261	33782
3262	32793
3263	30012
3264	23916
3265	16624
3266	10995
3267	7252
3268	5345
3269	5427
3270	12327
3271	22575
3272	27590
3273	26642
3274	24334
3275	24842
3276	24491
3277	22840
3278	24426
3279	22217
3280	17423
3281	21229
3282	28733
3283	33435
3284	32594
3285	32704
3286	33045
3287	32817
3288	30778
3289	27226
3290	22052
3291	16343
3292	10849
3293	6512
3294	6507
3295	8644
3296	13349
3297	18913
3298	22254
3299	24870
3300	26128
3301	26606
3302	26710
3303	23964
3304	19053
3305	22880
3306	28109
3307	30130
3308	29422
3309	29153
3310	31301
3311	34173
3312	32063
3313	28362
3314	24441
3315	19182
3316	11659
3317	5619
3318	5289
3319	7049
3320	11827
3321	17378
3322	23793
3323	26824
3324	28537
3325	28184
3326	25612
3327	23278
3328	19610
3329	22534
3330	25584
3331	24659
3332	22147
3333	21256
3334	19188
3335	15635
3336	10776
3337	6822
3338	4340
3339	3104
3340	3018
3341	4735
3342	12369
3343	22261
3344	26077
3345	25041
3346	21976
3347	22404
3348	23322
3349	23443
3350	24569
3351	23883
3352	20123
3353	24658
3354	29832
3355	30839
3356	29902
3357	28333
3358	25400
3359	19551
3360	13946
3361	8665
3362	5336
3363	3366
3364	3055
3365	4575
3366	12470
3367	23293
3368	27546
3369	26601
3370	23948
3371	24197
3372	25686
3373	25342
3374	25843
3375	23622
3376	17963
3377	23532
3378	30428
3379	32363
3380	31380
3381	31716
3382	29924
3383	24727
3384	17339
3385	10270
3386	6435
3387	4391
3388	3596
3389	4752
3390	12807
3391	24380
3392	28550
3393	27180
3394	24652
3395	23942
3396	24620
3397	24164
3398	24440
3399	22617
3400	17393
3401	22287
3402	29180
3403	32237
3404	31138
3405	30943
3406	29717
3407	25877
3408	19362
3409	12335
3410	7637
3411	4856
3412	4104
3413	5204
3414	13613
3415	24150
3416	28184
3417	27110
3418	24402
3419	24366
3420	25244
3421	23955
3422	24371
3423	19313
3424	13568
3425	17865
3426	25502
3427	29494
3428	29165
3429	30368
3430	30024
3431	27863
3432	22558
3433	16002
3434	11244
3435	7025
3436	5701
3437	5766
3438	12381
3439	20453
3440	25383
3441	24751
3442	23307
3443	22628
3444	24244
3445	23371
3446	24252
3447	20361
3448	15122
3449	19424
3450	26627
3451	29916
3452	27476
3453	26949
3454	28912
3455	29272
3456	27959
3457	22861
3458	17866
3459	13729
3460	9443
3461	5083
3462	5421
3463	7361
3464	10171
3465	13910
3466	17361
3467	21665
3468	22820
3469	22573
3470	23027
3471	21181
3472	20286
3473	23156
3474	22945
3475	25454
3476	23046
3477	24665
3478	25939
3479	25538
3480	25057
3481	20981
3482	17882
3483	14461
3484	9699
3485	4410
3486	3823
3487	4891
3488	6636
3489	10035
3490	14145
3491	16845
3492	18451
3493	19030
3494	19736
3495	18830
3496	18035
3497	19569
3498	21148
3499	20526
3500	20012
3501	19719
3502	19928
3503	20667
3504	17939
3505	14110
3506	10496
3507	7667
3508	5128
3509	3322
3510	3659
3511	5264
3512	6195
3513	9160
3514	11609
3515	14215
3516	16567
3517	17939
3518	18906
3519	18985
3520	17922
3521	19912
3522	21091
3523	21728
3524	20072
3525	20291
3526	19182
3527	14907
3528	10246
3529	5919
3530	3430
3531	2429
3532	2653
3533	4483
3534	11783
3535	21890
3536	25730
3537	24176
3538	21361
3539	24220
3540	25628
3541	24631
3542	25884
3543	24454
3544	17605
3545	20950
3546	28076
3547	29987
3548	26453
3549	25768
3550	21936
3551	16097
3552	10575
3553	6470
3554	4042
3555	2770
3556	2554
3557	4241
3558	11852
3559	23322
3560	28117
3561	25953
3562	22595
3563	22661
3564	23492
3565	23107
3566	24282
3567	23122
3568	18480
3569	23254
3570	29829
3571	33179
3572	31039
3573	31325
3574	29648
3575	24004
3576	16337
3577	9829
3578	6556
3579	4182
3580	3498
3581	4720
3582	12887
3583	24017
3584	28362
3585	26940
3586	24752
3587	24445
3588	25250
3589	24781
3590	25267
3591	23025
3592	17636
3593	22562
3594	28839
3595	32083
3596	31953
3597	32551
3598	31547
3599	28290
3600	22326
3601	14364
3602	9826
3603	6462
3604	4866
3605	5360
3606	12892
3607	23354
3608	27559
3609	26386
3610	24796
3611	24511
3612	24801
3613	23578
3614	24724
3615	21926
3616	17052
3617	22654
3618	30021
3619	32863
3620	30953
3621	31287
3622	31666
3623	31379
3624	29341
3625	25497
3626	21231
3627	15734
3628	10204
3629	5216
3630	5860
3631	10654
3632	13866
3633	19347
3634	22579
3635	24606
3636	25774
3637	26004
3638	25262
3639	25308
3640	21732
3641	25393
3642	30037
3643	31232
3644	27599
3645	27855
3646	30420
3647	32935
3648	30817
3649	27441
3650	23776
3651	17721
3652	11254
3653	5281
3654	4732
3655	6447
3656	8844
3657	13986
3658	19074
3659	21606
3660	23159
3661	23598
3662	23350
3663	21632
3664	19502
3665	22047
3666	23938
3667	22559
3668	20845
3669	20006
3670	21198
3671	18945
3672	12134
3673	6889
3674	4486
3675	2799
3676	2855
3677	4900
3678	12999
3679	23242
3680	26620
3681	25754
3682	21531
3683	21086
3684	21542
3685	21213
3686	23246
3687	23288
3688	20197
3689	27033
3690	28226
3691	28637
3692	27137
3693	25772
3694	22804
3695	18453
3696	12261
3697	7015
3698	4471
3699	2963
3700	2672
3701	4586
3702	12279
3703	23305
3704	27290
3705	25521
3706	22563
3707	22325
3708	22979
3709	22890
3710	24239
3711	22939
3712	18531
3713	23375
3714	30034
3715	31670
3716	30118
3717	30454
3718	28926
3719	23841
3720	15854
3721	9003
3722	5764
3723	3855
3724	3359
3725	4626
3726	12343
3727	23663
3728	27739
3729	26010
3730	23435
3731	23489
3732	24277
3733	23156
3734	24290
3735	22785
3736	17789
3737	22731
3738	29483
3739	32744
3740	31641
3741	32845
3742	30470
3743	26174
3744	18380
3745	11121
3746	6831
3747	4347
3748	3683
3749	5036
3750	12645
3751	23948
3752	27811
3753	26538
3754	23893
3755	23905
3756	24756
3757	24366
3758	24328
3759	22943
3760	16988
3761	22143
3762	30618
3763	33456
3764	32960
3765	33551
3766	31876
3767	29267
3768	23969
3769	15482
3770	10306
3771	7004
3772	5350
3773	5685
3774	13835
3775	24633
3776	27740
3777	26863
3778	25094
3779	25375
3780	25003
3781	23063
3782	23630
3783	21010
3784	16893
3785	21444
3786	29544
3787	34117
3788	31976
3789	32406
3790	32006
3791	29664
3792	26983
3793	22175
3794	16702
3795	12074
3796	7600
3797	4225
3798	5085
3799	7907
3800	11481
3801	16407
3802	19655
3803	23027
3804	24830
3805	25505
3806	24499
3807	23446
3808	19849
3809	23156
3810	26974
3811	29392
3812	26445
3813	27703
3814	30900
3815	33489
3816	32019
3817	27787
3818	24877
3819	19516
3820	12700
3821	5738
3822	4818
3823	6259
3824	9098
3825	13177
3826	17430
3827	19838
3828	21739
3829	22104
3830	22488
3831	21045
3832	18075
3833	20042
3834	22617
3835	22089
3836	20529
3837	19433
3838	19088
3839	18547
3840	13582
3841	7918
3842	4797
3843	3098
3844	3195
3845	5201
3846	12498
3847	21867
3848	25774
3849	25132
3850	22530
3851	25657
3852	23793
3853	22782
3854	23189
3855	21729
3856	18832
3857	22548
3858	29055
3859	30641
3860	29888
3861	27266
3862	22942
3863	17253
3864	12041
3865	6846
3866	4089
3867	2599
3868	2504
3869	4459
3870	12033
3871	22571
3872	27227
3873	25914
3874	22723
3875	22235
3876	23757
3877	23389
3878	25765
3879	22327
3880	17698
3881	23697
3882	30827
3883	30700
3884	29322
3885	29979
3886	27932
3887	22974
3888	15462
3889	9568
3890	5879
3891	4014
3892	3407
3893	4660
3894	12311
3895	22693
3896	26979
3897	26063
3898	23230
3899	23064
3900	24344
3901	23905
3902	24394
3903	22189
3904	16905
3905	21377
3906	28086
3907	31253
3908	30391
3909	30790
3910	29665
3911	26010
3912	18364
3913	11461
3914	6933
3915	4449
3916	3953
3917	5087
3918	12822
3919	24428
3920	28350
3921	28282
3922	25286
3923	24360
3924	21967
3925	22290
3926	24062
3927	21790
3928	17870
3929	23195
3930	30488
3931	35677
3932	34178
3933	33792
3934	31302
3935	29409
3936	23059
3937	14784
3938	9922
3939	5926
3940	4567
3941	5096
3942	12590
3943	21907
3944	26745
3945	26620
3946	23737
3947	22524
3948	23513
3949	22543
3950	23487
3951	21383
3952	17105
3953	21162
3954	28106
3955	31059
3956	29558
3957	29763
3958	31070
3959	31712
3960	30250
3961	26600
3962	22648
3963	17392
3964	11053
3965	5327
3966	5399
3967	7820
3968	11730
3969	16793
3970	19812
3971	22036
3972	22762
3973	23323
3974	22417
3975	22063
3976	19778
3977	23094
3978	26898
3979	28691
3980	24901
3981	26088
3982	28088
3983	30637
3984	29523
3985	26352
3986	22425
3987	17583
3988	11206
3989	5212
3990	4479
3991	5851
3992	8008
3993	12274
3994	17066
3995	19477
3996	21135
3997	21165
3998	21550
3999	20270
4000	18967
4001	21015
4002	22062
4003	21377
4004	19746
4005	20328
4006	18721
4007	16195
4008	10105
4009	6177
4010	3860
4011	2663
4012	2952
4013	4855
4014	11775
4015	20371
4016	24520
4017	24044
4018	20522
4019	20196
4020	21693
4021	21779
4022	22771
4023	24564
4024	18052
4025	22911
4026	28504
4027	28699
4028	26084
4029	26571
4030	24697
4031	19480
4032	12924
4033	7324
4034	4420
4035	2913
4036	2715
4037	4412
4038	11684
4039	21118
4040	26734
4041	25961
4042	22948
4043	22431
4044	23737
4045	23347
4046	24462
4047	22507
4048	17668
4049	22219
4050	29359
4051	30835
4052	29517
4053	30200
4054	27383
4055	20608
4056	18937
4057	9355
4058	5547
4059	3601
4060	3230
4061	4438
4062	12150
4063	22011
4064	26896
4065	26083
4066	22939
4067	22625
4068	23854
4069	22874
4070	23800
4071	22183
4072	17805
4073	22260
4074	29142
4075	31566
4076	30304
4077	31218
4078	30464
4079	26633
4080	18205
4081	9444
4082	6365
4083	4177
4084	3681
4085	4976
4086	12081
4087	21815
4088	26945
4089	25743
4090	23652
4091	23179
4092	24080
4093	23269
4094	24400
4095	21984
4096	17399
4097	22033
4098	28895
4099	32024
4100	32109
4101	32568
4102	31448
4103	29073
4104	26550
4105	16898
4106	10904
4107	7256
4108	5370
4109	5466
4110	12105
4111	19934
4112	25279
4113	25170
4114	22265
4115	22511
4116	23202
4117	22185
4118	22484
4119	20610
4120	16103
4121	20495
4122	27624
4123	31782
4124	29374
4125	29476
4126	30883
4127	31689
4128	29763
4129	26490
4130	21757
4131	15982
4132	10423
4133	5110
4134	5100
4135	7344
4136	10735
4137	15159
4138	17974
4139	19855
4140	21219
4141	22272
4142	21484
4143	21246
4144	18929
4145	22145
4146	25834
4147	27439
4148	24608
4149	25514
4150	27726
4151	30300
4152	29541
4153	26446
4154	22783
4155	17362
4156	11119
4157	5123
4158	4494
4159	5614
4160	7887
4161	12262
4162	16859
4163	19932
4164	22120
4165	22679
4166	23008
4167	22022
4168	20616
4169	22424
4170	23802
4171	22557
4172	20844
4173	21724
4174	19231
4175	16219
4176	11309
4177	6745
4178	4389
4179	2922
4180	3141
4181	4814
4182	11907
4183	19905
4184	24753
4185	24132
4186	21317
4187	21353
4188	22854
4189	22279
4190	23348
4191	22250
4192	18467
4193	22049
4194	28065
4195	29015
4196	26073
4197	25797
4198	22747
4199	17979
4200	12157
4201	7871
4202	4776
4203	2914
4204	2683
4205	4484
4206	11680
4207	21281
4208	26306
4209	25380
4210	23052
4211	23439
4212	24396
4213	23885
4214	24728
4215	22906
4216	17538
4217	20104
4218	27912
4219	30979
4220	29415
4221	30155
4222	28406
4223	24224
4224	16388
4225	9853
4226	5898
4227	3648
4228	3300
4229	4611
4230	12218
4231	21913
4232	27007
4233	26525
4234	23839
4235	24047
4236	24115
4237	23681
4238	23872
4239	21334
4240	16998
4241	21505
4242	28754
4243	31031
4244	30145
4245	31182
4246	30104
4247	25724
4248	19431
4249	11578
4250	7115
4251	4590
4252	3891
4253	4740
4254	12411
4255	21847
4256	26766
4257	26376
4258	24367
4259	23391
4260	24754
4261	23601
4262	23993
4263	21581
4264	16823
4265	21721
4266	29559
4267	32617
4268	31891
4269	32818
4270	30517
4271	28499
4272	23321
4273	16576
4274	11354
4275	6995
4276	5383
4277	5527
4278	12074
4279	20039
4280	25413
4281	25155
4282	22679
4283	22765
4284	23171
4285	22403
4286	22716
4287	19824
4288	16349
4289	21372
4290	28716
4291	33783
4292	30790
4293	29320
4294	30204
4295	30878
4296	30335
4297	27729
4298	23406
4299	17466
4300	11088
4301	5554
4302	5493
4303	7486
4304	11134
4305	15063
4306	18339
4307	20469
4308	22534
4309	22983
4310	21863
4311	21809
4312	19480
4313	21558
4314	26153
4315	27865
4316	25734
4317	27047
4318	29240
4319	30785
4320	30239
4321	27525
4322	24431
4323	18813
4324	12237
4325	5732
4326	4794
4327	5952
4328	9032
4329	13180
4330	16730
4331	19558
4332	20595
4333	19633
4334	19285
4335	18853
4336	15202
4337	17481
4338	20811
4339	21430
4340	20133
4341	20277
4342	19308
4343	16696
4344	12677
4345	8459
4346	5548
4347	3789
4348	3668
4349	4739
4350	11391
4351	19028
4352	23561
4353	24811
4354	22424
4355	21384
4356	20004
4357	20569
4358	22175
4359	20468
4360	17982
4361	21832
4362	26617
4363	27185
4364	24184
4365	22723
4366	20863
4367	16399
4368	11619
4369	7057
4370	4384
4371	2847
4372	2766
4373	3951
4374	10820
4375	18512
4376	24837
4377	24962
4378	21490
4379	20961
4380	23258
4381	22691
4382	22416
4383	20760
4384	16740
4385	21226
4386	27182
4387	29833
4388	31037
4389	27601
4390	25211
4391	20139
4392	14277
4393	8991
4394	6078
4395	3994
4396	3507
4397	4395
4398	10319
4399	17810
4400	23880
4401	23678
4402	20691
4403	20374
4404	22217
4405	23594
4406	24947
4407	19351
4408	15770
4409	20579
4410	28755
4411	29503
4412	23484
4413	23163
4414	23312
4415	22596
4416	20207
4417	16432
4418	12985
4419	9159
4420	6294
4421	3828
4422	4800
4423	6046
4424	7057
4425	9778
4426	11587
4427	13124
4428	14429
4429	15482
4430	16011
4431	16248
4432	16300
4433	17739
4434	18531
4435	17965
4436	17690
4437	15492
4438	19042
4439	20245
4440	18651
4441	13803
4442	9296
4443	6224
4444	4421
4445	3406
4446	6022
4447	9210
4448	11549
4449	13320
4450	14183
4451	15656
4452	16942
4453	17802
4454	18778
4455	19027
4456	17998
4457	20152
4458	20453
4459	20835
4460	18312
4461	18310
4462	19311
4463	19393
4464	17471
4465	15217
4466	12320
4467	9669
4468	6751
4469	3610
4470	3956
4471	5247
4472	7109
4473	10226
4474	13501
4475	15960
4476	17299
4477	18870
4478	17980
4479	17927
4480	17367
4481	19097
4482	20644
4483	22063
4484	19004
4485	20127
4486	21844
4487	21959
4488	20717
4489	18262
4490	15248
4491	11723
4492	8057
4493	3921
4494	3806
4495	4734
4496	6364
4497	9813
4498	13559
4499	15994
4500	18438
4501	19664
4502	20662
4503	19449
4504	19429
4505	20806
4506	20734
4507	20114
4508	18433
4509	18270
4510	16433
4511	14136
4512	10643
4513	6208
4514	3754
4515	2363
4516	2827
4517	4267
4518	11350
4519	19041
4520	23965
4521	23334
4522	20323
4523	19628
4524	20341
4525	20562
4526	21379
4527	20873
4528	18779
4529	22648
4530	27367
4531	28777
4532	25185
4533	23592
4534	20569
4535	16063
4536	11413
4537	6873
4538	3936
4539	2648
4540	2551
4541	4207
4542	11340
4543	20551
4544	26028
4545	25702
4546	22625
4547	21751
4548	22937
4549	22719
4550	23838
4551	22184
4552	18336
4553	22206
4554	28753
4555	31214
4556	31529
4557	28455
4558	26143
4559	20735
4560	14687
4561	9691
4562	5299
4563	3342
4564	3032
4565	4348
4566	11708
4567	21686
4568	26497
4569	26258
4570	23326
4571	23262
4572	24354
4573	24525
4574	23495
4575	21682
4576	17838
4577	22111
4578	27550
4579	30539
4580	27169
4581	29809
4582	28391
4583	24181
4584	17590
4585	10875
4586	6852
4587	4257
4588	3603
4589	4652
4590	12463
4591	21919
4592	27173
4593	26804
4594	23616
4595	22430
4596	23460
4597	22370
4598	23237
4599	21705
4600	17478
4601	21743
4602	29959
4603	32572
4604	28789
4605	31767
4606	30766
4607	28943
4608	23927
4609	15836
4610	10225
4611	6630
4612	5111
4613	5240
4614	11664
4615	19756
4616	25486
4617	25006
4618	21340
4619	21551
4620	22466
4621	22624
4622	23890
4623	20770
4624	16338
4625	22082
4626	30047
4627	33378
4628	30828
4629	30455
4630	31224
4631	31552
4632	29047
4633	24426
4634	19836
4635	14106
4636	9505
4637	4774
4638	5312
4639	7081
4640	10261
4641	14253
4642	17251
4643	19840
4644	21207
4645	21595
4646	21076
4647	22385
4648	19702
4649	23699
4650	25584
4651	27915
4652	24378
4653	26090
4654	28817
4655	30603
4656	30465
4657	27197
4658	22591
4659	16599
4660	12075
4661	5936
4662	4799
4663	5678
4664	7795
4665	11798
4666	16105
4667	19870
4668	22600
4669	22483
4670	23189
4671	21746
4672	20445
4673	22640
4674	24014
4675	22311
4676	19838
4677	20575
4678	19231
4679	15817
4680	10890
4681	6750
4682	3998
4683	2774
4684	2952
4685	4765
4686	12069
4687	20293
4688	23906
4689	24329
4690	21463
4691	21691
4692	23013
4693	23050
4694	23189
4695	22419
4696	19687
4697	23396
4698	29099
4699	29774
4700	25814
4701	26231
4702	23911
4703	17986
4704	11699
4705	6749
4706	4284
4707	2711
4708	2582
4709	4278
4710	11980
4711	21447
4712	25717
4713	25354
4714	22895
4715	22530
4716	23700
4717	22966
4718	23792
4719	22266
4720	18754
4721	23620
4722	30717
4723	31554
4724	27397
4725	29841
4726	27185
4727	22828
4728	15270
4729	8782
4730	5648
4731	3660
4732	3370
4733	4513
4734	12290
4735	22370
4736	26465
4737	26805
4738	24694
4739	24352
4740	25376
4741	25023
4742	25060
4743	23065
4744	18329
4745	23075
4746	30357
4747	33066
4748	28940
4749	31623
4750	29691
4751	24687
4752	17197
4753	10161
4754	6403
4755	4178
4756	3625
4757	4911
4758	12611
4759	22320
4760	27325
4761	26669
4762	25182
4763	24800
4764	25850
4765	25698
4766	25757
4767	23170
4768	18404
4769	22779
4770	30083
4771	33133
4772	29634
4773	33028
4774	31805
4775	29043
4776	23951
4777	16024
4778	10002
4779	6492
4780	5036
4781	5319
4782	12391
4783	21058
4784	26143
4785	26195
4786	24074
4787	24209
4788	24658
4789	23386
4790	24746
4791	22126
4792	17409
4793	22882
4794	29189
4795	30612
4796	27921
4797	30088
4798	30331
4799	31704
4800	31597
4801	26396
4802	21090
4803	15155
4804	9936
4805	4978
4806	5372
4807	7370
4808	10552
4809	14992
4810	17781
4811	20939
4812	22998
4813	23662
4814	22700
4815	22284
4816	21135
4817	24279
4818	27870
4819	28153
4820	24401
4821	27584
4822	26135
4823	28635
4824	29272
4825	26096
4826	21602
4827	16026
4828	11253
4829	5311
4830	4599
4831	5755
4832	8338
4833	11893
4834	15702
4835	18655
4836	20489
4837	21382
4838	21404
4839	20333
4840	19206
4841	20887
4842	22218
4843	21718
4844	18918
4845	19864
4846	18099
4847	15512
4848	10555
4849	6351
4850	3965
4851	2789
4852	2981
4853	4722
4854	11822
4855	20153
4856	24853
4857	24232
4858	20376
4859	20288
4860	24484
4861	21300
4862	21673
4863	21056
4864	19502
4865	23930
4866	29448
4867	30011
4868	25143
4869	28516
4870	25011
4871	17296
4872	12236
4873	7316
4874	4339
4875	2892
4876	2767
4877	4334
4878	12061
4879	20917
4880	26219
4881	25728
4882	22388
4883	22268
4884	23217
4885	23091
4886	24054
4887	22525
4888	18392
4889	23371
4890	29318
4891	30744
4892	27206
4893	29404
4894	27925
4895	22545
4896	15439
4897	9538
4898	5842
4899	3713
4900	3359
4901	4589
4902	12079
4903	22546
4904	26643
4905	26032
4906	22707
4907	22066
4908	23483
4909	22617
4910	23141
4911	21439
4912	17621
4913	22473
4914	28661
4915	30834
4916	27723
4917	30417
4918	28573
4919	24869
4920	17263
4921	10455
4922	6658
4923	4159
4924	3671
4925	4704
4926	12274
4927	21217
4928	26229
4929	25692
4930	22253
4931	22771
4932	24128
4933	22528
4934	23211
4935	21513
4936	16800
4937	21491
4938	28547
4939	31448
4940	28552
4941	31873
4942	31546
4943	29010
4944	23484
4945	15289
4946	10383
4947	6658
4948	5029
4949	5170
4950	11432
4951	19051
4952	24689
4953	24104
4954	21120
4955	20953
4956	22046
4957	21654
4958	22566
4959	20474
4960	16448
4961	20626
4962	27524
4963	29809
4964	26697
4965	28134
4966	29502
4967	30810
4968	29203
4969	25811
4970	20948
4971	15378
4972	10283
4973	5346
4974	5680
4975	7355
4976	10265
4977	14537
4978	17735
4979	19324
4980	20796
4981	20489
4982	19907
4983	20217
4984	18784
4985	21890
4986	24303
4987	25956
4988	23176
4989	24895
4990	26616
4991	28955
4992	28437
4993	25291
4994	21596
4995	16355
4996	11101
4997	5288
4998	4591
4999	5424
5000	7334
5001	11087
5002	15151
5003	18039
5004	20618
5005	22587
5006	21381
5007	18879
5008	18099
5009	20674
5010	25354
5011	25210
5012	19865
5013	18572
5014	18230
5015	16076
5016	10220
5017	6543
5018	4322
5019	2603
5020	2816
5021	4609
5022	11444
5023	19019
5024	23154
5025	22922
5026	19844
5027	19341
5028	20243
5029	19997
5030	20984
5031	19834
5032	17715
5033	22147
5034	26833
5035	26529
5036	24059
5037	24753
5038	22144
5039	17135
5040	11447
5041	6964
5042	4171
5043	2795
5044	2777
5045	4359
5046	11821
5047	20726
5048	24417
5049	23823
5050	20746
5051	20924
5052	21615
5053	21144
5054	22103
5055	20659
5056	17904
5057	22478
5058	28619
5059	29561
5060	26732
5061	28766
5062	27045
5063	21891
5064	14549
5065	8831
5066	5482
5067	3715
5068	3251
5069	4398
5070	11910
5071	20940
5072	25462
5073	24439
5074	21427
5075	21217
5076	22557
5077	22400
5078	22160
5079	20560
5080	16555
5081	21350
5082	27686
5083	30132
5084	27814
5085	30206
5086	28399
5087	23973
5088	17412
5089	10538
5090	6812
5091	4172
5092	3738
5093	4817
5094	12161
5095	20710
5096	25928
5097	25487
5098	12200
5099	11970
5100	12745
5101	12115
5102	11558
5103	10520
5104	7751
5105	9939
5106	13409
5107	16227
5108	14462
5109	14880
5110	14422
5111	13287
5112	10236
5113	7084
5114	4932
5115	3508
5116	2670
5117	2519
5118	5675
5119	9427
5120	11816
5121	11162
5122	10078
5123	10052
5124	10632
5125	11253
5126	11283
5127	10228
5128	7962
5129	10589
5130	13646
5131	14884
5132	14034
5133	13874
5134	14357
5135	14847
5136	14246
5137	12618
5138	10685
5139	8174
5140	5382
5141	2699
5142	2900
5143	4011
5144	5189
5145	6995
5146	8632
5147	9579
5148	10325
5149	10239
5150	9434
5151	9624
5152	9360
5153	10891
5154	11781
5155	12829
5156	12060
5157	12083
5158	12818
5159	13999
5160	13643
5161	12492
5162	10871
5163	8333
5164	5707
5165	2594
5166	2267
5167	3110
5168	4559
5169	6012
5170	7595
5171	8741
5172	9292
5173	9798
5174	10077
5175	9583
5176	9120
5177	9853
5178	10521
5179	10264
5180	9881
5181	10186
5182	9719
5183	8092
5184	10657
5185	5998
5186	3862
5187	2598
5188	2851
5189	4556
5190	10906
5191	18485
5192	23145
5193	23368
5194	19828
5195	18760
5196	19768
5197	19499
5198	20349
5199	20149
5200	17904
5201	21874
5202	27451
5203	27325
5204	24614
5205	24352
5206	21531
5207	16550
5208	11805
5209	6795
5210	4236
5211	2856
5212	2703
5213	4335
5214	11029
5215	19638
5216	25495
5217	24668
5218	21323
5219	21200
5220	21418
5221	21639
5222	22335
5223	21377
5224	18403
5225	23265
5226	29815
5227	29665
5228	27491
5229	28797
5230	26800
5231	21162
5232	14292
5233	8849
5234	5662
5235	3711
5236	3336
5237	4330
5238	11404
5239	20645
5240	25780
5241	25180
5242	21709
5243	21346
5244	22720
5245	22019
5246	22144
5247	21371
5248	18191
5249	24203
5250	29233
5251	30679
5252	28064
5253	30179
5254	27704
5255	22881
5256	16125
5257	10171
5258	7201
5259	4194
5260	3521
5261	4597
5262	11116
5263	17616
5264	20469
5265	21320
5266	20795
5267	21202
5268	21774
5269	21494
5270	22014
5271	19855
5272	15817
5273	19685
5274	25494
5275	27433
5276	27193
5277	27103
5278	26312
5279	24639
5280	21176
5281	15331
5282	10076
5283	6597
5284	4805
5285	4974
5286	11963
5287	18971
5288	23558
5289	23811
5290	21419
5291	21296
5292	22903
5293	22157
5294	22966
5295	21409
5296	18440
5297	24429
5298	28708
5299	30735
5300	29332
5301	26989
5302	27980
5303	29276
5304	27841
5305	24248
5306	20260
5307	15193
5308	9691
5309	4753
5310	5332
5311	7070
5312	10021
5313	14173
5314	16364
5315	19021
5316	19453
5317	19965
5318	19575
5319	20050
5320	19150
5321	21881
5322	23881
5323	25846
5324	23402
5325	23935
5326	25899
5327	28033
5328	14161
5329	12572
5330	10923
5331	8429
5332	5522
5333	2512
5334	2035
5335	2347
5336	3427
5337	5146
5338	7273
5339	8954
5340	9423
5341	9371
5342	9400
5343	9254
5344	9005
5345	10133
5346	10748
5347	10403
5348	9534
5349	9174
5350	8582
5351	7077
5352	9761
5353	5948
5354	3835
5355	2521
5356	2678
5357	4335
5358	11221
5359	20555
5360	23396
5361	22893
5362	19926
5363	18578
5364	19395
5365	19138
5366	20086
5367	19677
5368	18238
5369	21657
5370	26136
5371	25841
5372	24534
5373	22897
5374	20427
5375	15588
5376	10688
5377	6597
5378	4066
5379	2738
5380	2630
5381	4101
5382	11304
5383	21215
5384	26401
5385	26570
5386	24687
5387	23733
5388	23398
5389	19905
5390	20894
5391	20270
5392	17692
5393	22398
5394	28646
5395	29191
5396	28222
5397	27045
5398	27382
5399	20173
5400	13714
5401	8432
5402	5240
5403	3746
5404	3309
5405	4264
5406	11053
5407	19187
5408	24645
5409	24409
5410	21425
5411	21300
5412	22112
5413	22062
5414	22370
5415	21080
5416	17851
5417	21831
5418	28326
5419	30470
5420	29579
5421	29273
5422	28501
5423	23664
5424	16991
5425	10314
5426	6726
5427	4303
5428	3679
5429	4372
5430	11106
5431	19557
5432	25070
5433	23996
5434	22038
5435	21394
5436	22427
5437	22128
5438	22833
5439	21249
5440	17668
5441	21261
5442	27301
5443	30179
5444	29864
5445	30442
5446	30487
5447	28159
5448	22445
5449	15212
5450	10600
5451	6745
5452	5193
5453	5259
5454	11054
5455	17732
5456	23090
5457	23331
5458	20607
5459	20380
5460	20879
5461	19744
5462	20088
5463	17024
5464	13063
5465	16309
5466	22909
5467	27570
5468	27294
5469	26539
5470	27981
5471	28718
5472	27549
5473	23904
5474	20326
5475	15261
5476	9864
5477	4955
5478	5555
5479	7352
5480	10153
5481	14024
5482	16291
5483	18144
5484	18864
5485	19627
5486	19644
5487	19666
5488	18420
5489	21054
5490	23673
5491	24671
5492	23595
5493	23243
5494	25389
5495	26864
5496	26557
5497	24120
5498	20998
5499	16492
5500	10866
5501	5051
5502	4791
5503	5578
5504	8459
5505	11614
5506	14704
5507	17155
5508	18842
5509	19140
5510	19598
5511	19778
5512	18107
5513	20221
5514	20883
5515	20274
5516	18993
5517	18125
5518	17095
5519	13484
5520	9942
5521	5767
5522	3926
5523	2503
5524	2854
5525	4232
5526	10629
5527	17797
5528	23760
5529	23376
5530	19767
5531	18283
5532	19361
5533	19689
5534	20676
5535	19809
5536	17683
5537	22383
5538	25950
5539	25823
5540	24538
5541	22797
5542	20282
5543	15523
5544	10524
5545	6590
5546	4164
5547	2740
5548	2680
5549	3855
5550	10464
5551	17969
5552	24341
5553	23992
5554	20724
5555	20334
5556	21812
5557	21636
5558	22514
5559	21048
5560	17627
5561	21542
5562	28183
5563	29057
5564	28209
5565	27590
5566	24993
5567	19957
5568	13746
5569	8319
5570	5306
5571	3534
5572	3254
5573	3905
5574	10576
5575	18955
5576	25423
5577	24501
5578	21964
5579	21764
5580	22702
5581	22506
5582	22711
5583	21479
5584	17267
5585	21067
5586	27103
5587	30542
5588	29266
5589	28418
5590	27330
5591	22442
5592	16015
5593	10037
5594	6585
5595	4400
5596	3702
5597	4292
5598	10792
5599	19047
5600	25649
5601	28000
5602	23251
5603	20361
5604	21416
5605	25565
5606	24870
5607	20112
5608	15216
5609	19618
5610	27084
5611	30077
5612	29881
5613	29340
5614	29178
5615	26759
5616	21168
5617	14408
5618	9575
5619	6516
5620	5061
5621	4971
5622	10359
5623	16944
5624	22716
5625	22752
5626	19785
5627	19956
5628	20881
5629	21223
5630	21967
5631	20516
5632	17284
5633	21955
5634	26987
5635	29227
5636	27766
5637	26440
5638	27279
5639	28748
5640	27736
5641	24176
5642	20735
5643	15490
5644	10167
5645	5074
5646	5507
5647	7419
5648	9832
5649	13635
5650	16649
5651	18358
5652	19322
5653	20100
5654	20027
5655	19899
5656	19249
5657	21739
5658	24532
5659	26198
5660	24558
5661	24028
5662	26198
5663	27863
5664	27034
5665	24286
5666	21099
5667	16368
5668	10830
5669	5114
5670	4605
5671	5756
5672	7479
5673	11146
5674	15225
5675	17589
5676	19170
5677	19720
5678	20410
5679	19816
5680	18714
5681	20723
5682	22124
5683	21530
5684	20392
5685	19002
5686	17523
5687	15103
5688	11019
5689	6970
5690	4708
5691	3432
5692	3360
5693	4594
5694	10110
5695	17155
5696	22117
5697	21787
5698	18337
5699	18091
5700	19149
5701	18905
5702	19841
5703	20169
5704	17674
5705	21265
5706	25018
5707	25385
5708	23564
5709	23846
5710	21669
5711	16244
5712	10115
5713	6251
5714	4079
5715	2555
5716	2628
5717	3759
5718	10095
5719	17603
5720	23558
5721	23334
5722	20078
5723	19497
5724	20985
5725	20952
5726	21995
5727	20889
5728	17921
5729	21894
5730	27622
5731	28486
5732	27497
5733	26212
5734	24759
5735	20038
5736	13336
5737	8346
5738	5338
5739	3761
5740	3201
5741	3824
5742	9983
5743	18096
5744	24250
5745	24368
5746	21283
5747	21583
5748	27838
5749	24403
5750	21243
5751	20328
5752	16169
5753	19202
5754	25817
5755	28802
5756	28538
5757	26980
5758	25705
5759	22333
5760	16171
5761	10232
5762	6264
5763	4231
5764	3519
5765	4199
5766	10347
5767	18415
5768	25501
5769	25126
5770	21492
5771	20518
5772	21039
5773	21118
5774	22116
5775	20698
5776	16514
5777	20538
5778	26804
5779	29639
5780	28308
5781	28217
5782	28090
5783	26357
5784	21361
5785	15349
5786	10522
5787	7218
5788	5484
5789	4904
5790	9601
5791	15449
5792	21093
5793	21868
5794	19710
5795	20095
5796	21823
5797	21867
5798	23006
5799	21764
5800	18242
5801	22582
5802	25980
5803	27210
5804	25495
5805	23863
5806	25317
5807	27021
5808	26904
5809	22512
5810	18177
5811	14219
5812	9592
5813	4775
5814	5313
5815	7134
5816	9468
5817	13264
5818	16095
5819	18618
5820	19976
5821	21267
5822	21051
5823	20947
5824	19519
5825	21906
5826	23484
5827	25451
5828	23130
5829	22075
5830	23859
5831	25814
5832	25773
5833	20629
5834	17435
5835	14037
5836	9895
5837	4363
5838	4059
5839	4894
5840	6691
5841	10182
5842	14149
5843	16465
5844	17922
5845	18664
5846	19605
5847	18947
5848	18150
5849	19727
5850	20909
5851	21175
5852	20515
5853	19485
5854	20244
5855	20555
5856	18148
5857	14577
5858	11498
5859	8992
5860	6518
5861	4052
5862	4293
5863	5102
5864	6358
5865	9109
5866	12461
5867	15047
5868	17423
5869	19055
5870	20736
5871	19400
5872	16412
5873	18729
5874	19942
5875	19506
5876	18943
5877	17093
5878	15908
5879	12964
5880	9829
5881	6519
5882	3538
5883	2122
5884	2674
5885	4577
5886	11796
5887	20591
5888	25060
5889	24552
5890	20863
5891	20076
5892	20849
5893	20865
5894	21853
5895	21514
5896	17952
5897	21771
5898	28028
5899	28233
5900	26145
5901	24414
5902	21017
5903	17521
5904	12159
5905	6986
5906	4647
5907	3234
5908	2920
5909	4304
5910	11687
5911	21268
5912	25614
5913	24918
5914	22176
5915	21783
5916	23222
5917	22990
5918	23779
5919	22796
5920	17567
5921	22063
5922	28177
5923	29779
5924	27789
5925	27064
5926	25783
5927	21278
5928	14419
5929	8836
5930	5699
5931	3993
5932	3232
5933	4132
5934	10837
5935	17991
5936	23652
5937	25116
5938	22617
5939	21166
5940	22412
5941	22989
5942	23169
5943	21820
5944	18170
5945	22887
5946	29356
5947	31220
5948	29754
5949	28875
5950	28550
5951	26498
5952	20905
5953	13519
5954	8838
5955	6157
5956	4650
5957	4736
5958	10987
5959	19413
5960	24159
5961	24469
5962	22226
5963	22154
5964	22860
5965	22576
5966	24463
5967	23471
5968	18471
5969	23712
5970	30890
5971	33296
5972	32039
5973	30763
5974	31883
5975	32003
5976	30687
5977	26867
5978	22566
5979	16630
5980	10624
5981	4891
5982	5500
5983	7918
5984	11888
5985	16059
5986	19804
5987	22512
5988	23265
5989	23492
5990	23310
5991	23242
5992	20009
5993	23238
5994	28932
5995	29989
5996	29494
5997	27975
5998	30547
5999	31830
6000	30426
6001	27513
6002	24636
6003	18483
6004	11824
6005	5155
6006	4803
6007	6292
6008	9437
6009	13154
6010	18882
6011	22406
6012	25174
6013	24514
6014	23562
6015	22394
6016	21212
6017	23114
6018	24885
6019	24447
6020	23417
6021	20938
6022	19785
6023	16154
6024	11245
6025	6472
6026	4051
6027	2641
6028	2980
6029	4929
6030	12438
6031	21933
6032	25462
6033	24502
6034	21570
6035	21808
6036	22738
6037	22206
6038	23858
6039	23341
6040	19550
6041	23868
6042	29462
6043	30538
6044	28888
6045	26451
6046	22868
6047	17363
6048	11970
6049	7286
6050	4680
6051	2990
6052	3004
6053	4666
6054	12440
6055	23387
6056	27238
6057	25833
6058	23787
6059	23612
6060	24282
6061	23538
6062	24654
6063	23287
6064	17535
6065	22496
6066	29942
6067	32464
6068	32030
6069	30816
6070	28869
6071	22579
6072	15438
6073	9363
6074	5842
6075	3901
6076	3300
6077	4450
6078	12578
6079	24159
6080	27744
6081	26255
6082	24367
6083	24422
6084	25594
6085	25221
6086	26460
6087	23954
6088	17585
6089	22218
6090	29787
6091	32645
6092	31761
6093	30967
6094	29286
6095	23796
6096	16554
6097	9997
6098	6610
6099	4351
6100	3848
6101	4799
6102	12663
6103	24483
6104	27781
6105	26439
6106	24738
6107	24146
6108	25699
6109	26002
6110	22837
6111	20859
6112	16209
6113	22688
6114	30663
6115	33353
6116	31794
6117	29487
6118	29800
6119	27726
6120	22532
6121	14210
6122	9308
6123	6649
6124	5274
6125	5271
6126	12271
6127	22591
6128	26523
6129	26080
6130	24966
6131	24561
6132	24360
6133	22095
6134	23860
6135	21804
6136	16815
6137	22978
6138	31210
6139	32703
6140	31857
6141	31557
6142	32486
6143	31319
6144	29006
6145	25446
6146	21573
6147	16388
6148	10622
6149	4865
6150	5278
6151	7202
6152	11116
6153	15938
6154	19868
6155	21006
6156	23228
6157	24825
6158	23545
6159	23598
6160	20982
6161	25337
6162	29528
6163	32124
6164	31737
6165	30595
6166	32243
6167	32120
6168	29913
6169	29636
6170	25024
6171	19450
6172	12311
6173	5182
6174	5485
6175	5851
6176	8826
6177	13042
6178	18278
6179	21641
6180	24241
6181	24200
6182	24261
6183	24229
6184	21243
6185	22936
6186	24931
6187	24442
6188	23037
6189	21288
6190	18698
6191	14650
6192	9691
6193	5799
6194	3934
6195	2494
6196	2864
6197	4815
6198	12526
6199	22352
6200	26272
6201	24482
6202	21535
6203	21223
6204	21555
6205	20991
6206	22661
6207	22654
6208	19144
6209	24630
6210	29753
6211	30546
6212	28632
6213	25826
6214	23397
6215	16972
6216	11319
6217	6512
6218	3846
6219	2575
6220	2475
6221	4423
6222	12347
6223	23716
6224	26986
6225	25299
6226	23104
6227	22349
6228	23082
6229	22584
6230	23679
6231	22505
6232	17452
6233	22289
6234	28575
6235	31545
6236	31020
6237	30655
6238	28294
6239	21462
6240	14142
6241	8329
6242	5264
6243	3389
6244	2988
6245	4444
6246	12316
6247	23789
6248	27816
6249	25544
6250	23342
6251	22888
6252	23613
6253	22813
6254	24099
6255	22482
6256	17298
6257	21773
6258	28849
6259	31886
6260	32028
6261	31962
6262	29630
6263	23912
6264	16028
6265	9371
6266	6015
6267	3844
6268	3321
6269	4561
6270	12129
6271	23606
6272	27198
6273	25400
6274	22760
6275	22747
6276	23637
6277	23064
6278	24684
6279	22641
6280	17956
6281	23418
6282	30836
6283	33267
6284	33219
6285	33106
6286	32103
6287	29099
6288	22334
6289	14537
6290	9658
6291	6602
6292	4922
6293	5030
6294	11986
6295	22450
6296	26272
6297	24822
6298	22719
6299	22715
6300	23470
6301	22316
6302	24591
6303	22888
6304	18285
6305	23736
6306	30874
6307	33969
6308	32464
6309	31419
6310	32593
6311	32471
6312	30402
6313	26738
6314	22516
6315	16584
6316	10767
6317	5201
6318	5661
6319	8255
6320	12787
6321	17769
6322	21418
6323	24004
6324	25320
6325	25550
6326	24850
6327	25264
6328	21007
6329	24930
6330	30178
6331	31252
6332	29061
6333	30015
6334	32810
6335	32887
6336	30971
6337	27653
6338	23666
6339	17547
6340	10669
6341	5029
6342	5403
6343	6327
6344	9720
6345	13854
6346	19156
6347	22417
6348	24698
6349	23938
6350	23194
6351	22691
6352	19921
6353	21949
6354	24195
6355	24210
6356	23239
6357	21417
6358	19798
6359	15504
6360	9593
6361	5798
6362	3699
6363	2630
6364	2974
6365	5048
6366	12439
6367	20988
6368	22980
6369	20982
6370	19051
6371	19007
6372	19594
6373	18574
6374	19544
6375	19980
6376	17021
6377	21651
6378	26399
6379	28314
6380	28157
6381	26760
6382	23494
6383	17160
6384	11015
6385	6405
6386	4041
6387	2563
6388	2585
6389	4468
6390	12474
6391	22067
6392	24153
6393	22241
6394	20274
6395	19959
6396	20844
6397	20420
6398	21211
6399	20131
6400	16070
6401	21088
6402	26689
6403	29181
6404	29868
6405	28983
6406	27266
6407	21125
6408	13998
6409	8116
6410	5302
6411	3355
6412	3033
6413	4694
6414	12443
6415	22575
6416	25377
6417	23037
6418	21171
6419	21394
6420	21814
6421	21417
6422	22328
6423	20978
6424	16896
6425	22011
6426	27690
6427	30702
6428	30892
6429	30651
6430	28494
6431	23401
6432	15819
6433	9472
6434	6153
6435	3889
6436	3475
6437	4773
6438	12075
6439	22572
6440	25215
6441	23606
6442	21300
6443	21211
6444	22676
6445	21811
6446	23287
6447	21499
6448	16907
6449	23134
6450	28985
6451	31573
6452	32581
6453	32120
6454	31924
6455	28901
6456	21290
6457	13732
6458	9493
6459	6273
6460	5010
6461	5110
6462	11784
6463	21777
6464	25059
6465	23267
6466	21369
6467	21798
6468	22476
6469	21792
6470	22955
6471	20893
6472	16900
6473	22331
6474	28077
6475	31973
6476	32001
6477	31326
6478	32594
6479	32970
6480	30722
6481	26857
6482	22372
6483	16777
6484	10795
6485	5219
6486	5772
6487	8327
6488	13175
6489	17736
6490	20855
6491	23032
6492	24666
6493	25181
6494	24794
6495	24707
6496	19398
6497	23176
6498	28807
6499	30946
6500	28880
6501	28910
6502	31865
6503	33113
6504	31477
6505	27990
6506	24146
6507	18901
6508	11853
6509	5675
6510	5548
6511	6780
6512	9619
6513	13796
6514	18455
6515	21968
6516	24521
6517	24249
6518	23545
6519	22336
6520	20290
6521	22449
6522	24178
6523	24773
6524	22545
6525	19315
6526	18761
6527	14718
6528	9235
6529	5442
6530	3416
6531	2519
6532	2763
6533	4756
6534	11885
6535	21517
6536	23819
6537	22678
6538	19935
6539	19639
6540	20339
6541	20373
6542	21673
6543	21674
6544	18841
6545	23724
6546	29104
6547	29780
6548	27572
6549	24633
6550	22284
6551	16830
6552	10340
6553	6049
6554	3913
6555	2715
6556	2621
6557	4434
6558	11751
6559	22692
6560	25792
6561	23676
6562	21253
6563	20803
6564	21907
6565	21573
6566	23172
6567	22656
6568	18411
6569	22896
6570	28547
6571	31252
6572	30184
6573	29419
6574	26362
6575	20351
6576	13032
6577	7360
6578	4647
6579	3031
6580	3013
6581	4232
6582	11767
6583	23210
6584	26726
6585	25074
6586	22179
6587	22279
6588	22885
6589	22503
6590	24044
6591	22640
6592	18019
6593	23212
6594	29335
6595	32273
6596	31193
6597	30752
6598	28681
6599	23095
6600	15151
6601	9018
6602	5643
6603	3747
6604	3289
6605	4630
6606	12100
6607	23399
6608	27354
6609	25565
6610	22821
6611	22928
6612	24028
6613	23408
6614	24890
6615	22725
6616	17441
6617	22873
6618	28878
6619	32489
6620	32788
6621	32142
6622	31244
6623	28256
6624	20391
6625	13245
6626	9081
6627	5948
6628	4517
6629	5088
6630	11820
6631	22721
6632	26770
6633	25632
6634	23539
6635	23475
6636	24413
6637	23237
6638	25252
6639	22329
6640	17570
6641	23406
6642	29760
6643	33683
6644	32524
6645	31248
6646	32518
6647	32770
6648	30521
6649	26288
6650	21852
6651	16750
6652	9741
6653	4782
6654	5565
6655	8731
6656	13203
6657	18153
6658	20791
6659	23436
6660	24592
6661	24839
6662	24707
6663	25561
6664	21856
6665	26746
6666	31486
6667	33239
6668	29963
6669	29408
6670	32144
6671	34090
6672	32067
6673	28565
6674	24548
6675	18831
6676	11998
6677	5482
6678	5137
6679	6706
6680	10607
6681	14833
6682	20230
6683	23110
6684	25131
6685	24856
6686	23868
6687	21944
6688	19538
6689	22719
6690	24567
6691	22981
6692	20920
6693	18668
6694	16576
6695	13809
6696	9489
6697	5277
6698	3363
6699	2371
6700	2770
6701	4855
6702	12098
6703	21658
6704	25130
6705	23763
6706	20571
6707	21081
6708	23810
6709	20984
6710	21736
6711	22905
6712	18841
6713	21464
6714	27479
6715	28331
6716	26563
6717	24380
6718	21103
6719	16008
6720	10556
6721	6012
6722	3494
6723	2410
6724	2471
6725	4498
6726	11558
6727	22655
6728	26210
6729	24583
6730	21669
6731	21605
6732	22283
6733	22116
6734	23120
6735	22222
6736	17895
6737	23178
6738	29647
6739	31306
6740	30795
6741	30535
6742	27559
6743	21407
6744	13827
6745	8424
6746	5206
6747	3546
6748	3040
6749	4529
6750	12230
6751	23307
6752	26984
6753	25538
6754	22907
6755	22894
6756	23564
6757	23113
6758	24317
6759	22608
6760	17905
6761	23081
6762	29326
6763	32310
6764	32018
6765	31559
6766	28640
6767	24010
6768	15356
6769	8752
6770	5604
6771	3590
6772	3368
6773	4729
6774	12295
6775	24218
6776	27590
6777	26373
6778	23707
6779	23492
6780	24234
6781	23435
6782	24681
6783	22878
6784	18111
6785	24155
6786	29622
6787	33129
6788	33513
6789	32744
6790	31897
6791	29983
6792	22375
6793	13741
6794	9211
6795	6095
6796	5099
6797	5311
6798	12355
6799	22765
6800	27286
6801	25946
6802	23463
6803	24482
6804	24369
6805	22793
6806	24520
6807	22040
6808	16730
6809	22039
6810	28415
6811	31416
6812	31259
6813	30682
6814	31466
6815	32313
6816	30188
6817	25851
6818	21879
6819	16276
6820	10720
6821	5458
6822	6173
6823	8628
6824	13385
6825	17925
6826	21551
6827	23863
6828	24901
6829	25524
6830	25055
6831	24184
6832	19375
6833	22969
6834	28087
6835	29943
6836	29703
6837	29496
6838	31024
6839	31910
6840	30454
6841	27745
6842	24562
6843	19410
6844	12225
6845	5619
6846	5414
6847	6394
6848	9725
6849	14616
6850	19713
6851	22568
6852	23944
6853	23507
6854	22527
6855	20942
6856	19271
6857	22052
6858	24428
6859	25278
6860	23273
6861	21943
6862	20361
6863	16795
6864	12376
6865	7748
6866	5410
6867	3989
6868	3765
6869	4525
6870	8757
6871	14943
6872	19297
6873	20462
6874	18770
6875	19048
6876	19826
6877	19979
6878	20152
6879	20715
6880	19362
6881	23285
6882	27420
6883	28260
6884	25296
6885	23396
6886	20675
6887	15960
6888	10201
6889	6225
6890	3683
6891	2428
6892	2583
6893	4788
6894	11584
6895	19193
6896	21381
6897	21961
6898	20938
6899	21205
6900	21524
6901	21532
6902	22437
6903	21011
6904	18436
6905	22475
6906	27039
6907	28898
6908	28334
6909	27141
6910	24574
6911	20783
6912	13093
6913	7479
6914	4982
6915	3135
6916	2917
6917	4549
6918	11847
6919	21950
6920	25521
6921	24841
6922	23089
6923	23013
6924	23420
6925	22804
6926	23961
6927	22479
6928	18193
6929	23716
6930	29634
6931	32046
6932	31398
6933	30910
6934	28829
6935	23499
6936	15269
6937	9250
6938	6060
6939	3634
6940	3462
6941	4674
6942	12097
6943	23241
6944	27263
6945	26806
6946	23850
6947	23135
6948	24078
6949	23371
6950	24446
6951	23201
6952	18567
6953	24963
6954	30570
6955	33415
6956	33589
6957	31568
6958	31203
6959	28629
6960	22250
6961	14048
6962	9284
6963	6229
6964	4782
6965	5232
6966	12025
6967	22718
6968	26450
6969	25467
6970	23317
6971	23175
6972	23474
6973	22634
6974	24113
6975	22234
6976	17885
6977	23440
6978	30116
6979	33984
6980	33352
6981	33412
6982	33853
6983	33116
6984	31181
6985	27355
6986	23387
6987	17151
6988	10759
6989	5457
6990	5759
6991	9422
6992	14861
6993	19045
6994	21474
6995	24521
6996	26257
6997	26418
6998	25392
6999	25446
7000	21380
7001	25700
7002	30399
7003	32598
7004	30264
7005	29618
7006	31570
7007	33772
7008	31991
7009	28555
7010	25169
7011	19241
7012	12071
7013	5691
7014	4910
7015	7368
7016	10955
7017	15623
7018	20716
7019	23611
7020	25611
7021	25760
7022	24858
7023	23387
7024	21136
7025	23307
7026	25004
7027	24493
7028	22171
7029	20441
7030	17887
7031	13908
7032	9662
7033	5345
7034	3399
7035	2554
7036	3017
7037	5026
7038	12111
7039	21290
7040	24404
7041	23610
7042	20669
7043	20439
7044	21226
7045	21712
7046	23780
7047	23138
7048	19441
7049	24332
7050	29614
7051	30116
7052	27656
7053	24989
7054	22110
7055	15922
7056	11716
7057	6316
7058	3807
7059	2395
7060	2514
7061	4446
7062	11628
7063	22337
7064	25935
7065	24435
7066	21596
7067	21627
7068	22282
7069	22379
7070	25382
7071	22468
7072	18476
7073	24710
7074	31028
7075	32719
7076	31195
7077	30491
7078	27435
7079	19469
7080	12428
7081	7182
7082	4659
7083	3071
7084	2982
7085	4522
7086	12008
7087	23572
7088	27494
7089	25852
7090	23391
7091	23422
7092	24545
7093	23376
7094	24161
7095	23287
7096	18933
7097	25056
7098	31685
7099	34230
7100	32862
7101	32492
7102	29924
7103	24253
7104	15266
7105	8835
7106	5761
7107	3554
7108	3239
7109	4825
7110	12326
7111	24163
7112	28009
7113	26204
7114	24363
7115	23432
7116	24565
7117	24068
7118	25132
7119	23306
7120	18418
7121	24566
7122	30725
7123	33587
7124	33647
7125	33363
7126	32542
7127	30041
7128	21875
7129	13851
7130	9219
7131	6066
7132	4880
7133	5013
7134	12164
7135	22722
7136	26883
7137	26170
7138	24140
7139	24163
7140	25004
7141	23747
7142	25153
7143	22389
7144	18037
7145	24073
7146	30245
7147	33322
7148	32565
7149	32288
7150	33260
7151	33770
7152	31260
7153	26802
7154	22146
7155	16271
7156	10047
7157	5107
7158	5820
7159	8775
7160	13795
7161	18052
7162	21341
7163	24189
7164	26381
7165	26226
7166	24962
7167	24665
7168	19600
7169	23315
7170	28824
7171	31349
7172	30690
7173	30550
7174	32832
7175	33131
7176	32241
7177	29615
7178	26271
7179	20641
7180	13469
7181	6160
7182	5088
7183	7012
7184	9886
7185	14529
7186	19722
7187	22754
7188	25488
7189	25068
7190	24322
7191	22921
7192	20140
7193	22156
7194	24345
7195	23639
7196	21480
7197	20207
7198	17406
7199	13861
7200	9441
7201	5636
7202	3710
7203	2580
7204	3026
7205	5016
7206	11929
7207	21137
7208	24314
7209	23666
7210	21238
7211	20742
7212	21157
7213	20593
7214	21926
7215	22362
7216	19273
7217	24026
7218	28792
7219	29562
7220	27161
7221	25787
7222	22610
7223	16516
7224	10628
7225	6168
7226	3726
7227	2561
7228	2506
7229	4223
7230	11701
7231	22638
7232	26421
7233	25168
7234	22416
7235	21486
7236	22305
7237	21684
7238	22919
7239	22722
7240	18668
7241	23937
7242	30341
7243	31744
7244	30845
7245	30010
7246	27358
7247	21770
7248	13024
7249	7964
7250	5081
7251	3370
7252	3031
7253	4279
7254	11773
7255	23275
7256	27143
7257	26109
7258	23089
7259	22324
7260	24127
7261	23209
7262	24136
7263	22825
7264	17820
7265	23327
7266	29383
7267	31604
7268	30987
7269	30271
7270	28898
7271	24679
7272	16488
7273	10535
7274	6566
7275	4169
7276	3607
7277	4856
7278	12024
7279	22302
7280	26237
7281	25336
7282	22255
7283	22057
7284	24833
7285	25276
7286	24265
7287	22800
7288	18236
7289	23772
7290	28162
7291	30801
7292	29752
7293	28840
7294	28487
7295	27761
7296	25846
7297	23531
7298	19222
7299	13829
7300	9315
7301	7185
7302	12788
7303	22897
7304	27300
7305	26484
7306	24597
7307	23181
7308	23663
7309	23040
7310	24515
7311	22087
7312	17358
7313	21510
7314	27358
7315	31285
7316	32110
7317	31294
7318	32816
7319	32534
7320	29879
7321	26810
7322	22744
7323	16918
7324	10720
7325	5265
7326	5497
7327	8900
7328	12514
7329	18495
7330	21717
7331	24201
7332	26664
7333	26935
7334	25772
7335	26497
7336	22551
7337	26029
7338	31089
7339	33123
7340	31601
7341	30492
7342	32203
7343	33637
7344	32760
7345	53078
7346	20149
7347	14705
7348	8854
7349	7498
7350	6670
7351	7284
7352	9532
7353	13716
7354	18435
7355	21559
7356	23042
7357	23034
7358	22548
7359	22217
7360	20242
7361	22046
7362	26192
7363	27064
7364	25192
7365	22826
7366	20215
7367	13989
7368	8995
7369	5024
7370	3146
7371	2311
7372	3046
7373	5424
7374	13386
7375	21772
7376	24668
7377	23940
7378	21870
7379	21857
7380	22737
7381	21865
7382	23323
7383	22816
7384	19252
7385	24390
7386	29648
7387	31335
7388	29134
7389	27270
7390	24194
7391	16920
7392	10730
7393	5809
7394	3755
7395	2468
7396	2693
7397	4431
7398	12494
7399	22509
7400	25903
7401	24574
7402	22128
7403	22415
7404	23215
7405	22994
7406	24320
7407	23175
7408	18826
7409	24709
7410	30949
7411	31684
7412	30074
7413	30078
7414	27330
7415	20247
7416	12475
7417	7391
7418	4456
7419	2966
7420	2898
7421	4425
7422	12797
7423	23671
7424	27030
7425	25767
7426	22955
7427	22917
7428	23857
7429	22571
7430	24415
7431	22633
7432	18363
7433	23925
7434	30744
7435	32262
7436	31292
7437	31148
7438	28777
7439	23472
7440	15792
7441	9157
7442	5648
7443	3649
7444	3391
7445	4659
7446	12987
7447	24063
7448	27940
7449	26394
7450	25550
7451	24640
7452	23936
7453	23774
7454	24074
7455	20702
7456	16303
7457	22571
7458	30564
7459	33635
7460	33709
7461	33469
7462	32511
7463	29036
7464	21597
7465	13345
7466	8931
7467	5903
7468	4838
7469	5265
7470	12623
7471	23250
7472	26293
7473	25359
7474	24080
7475	23700
7476	23673
7477	23811
7478	24744
7479	21774
7480	17283
7481	22756
7482	29827
7483	33610
7484	33688
7485	33642
7486	34468
7487	33987
7488	31690
7489	27022
7490	22275
7491	16783
7492	10824
7493	5154
7494	5664
7495	8348
7496	13286
7497	18586
7498	22503
7499	25390
7500	27501
7501	27164
7502	26508
7503	26110
7504	20419
7505	24150
7506	30170
7507	32183
7508	29554
7509	29199
7510	31577
7511	32942
7512	31848
7513	28423
7514	24854
7515	19286
7516	12407
7517	5465
7518	4839
7519	6384
7520	10066
7521	15499
7522	21123
7523	24432
7524	25925
7525	25995
7526	26550
7527	22804
7528	19732
7529	22256
7530	25163
7531	23871
7532	21399
7533	20948
7534	18938
7535	14944
7536	10478
7537	6149
7538	4392
7539	3101
7540	3209
7541	4491
7542	10040
7543	18190
7544	22659
7545	23428
7546	20802
7547	20319
7548	20928
7549	20020
7550	21646
7551	21038
7552	18184
7553	22969
7554	28722
7555	28739
7556	26203
7557	24519
7558	21065
7559	16531
7560	9833
7561	5819
7562	3547
7563	2427
7564	2555
7565	4602
7566	14144
7567	24099
7568	26821
7569	25444
7570	23024
7571	22376
7572	23070
7573	22809
7574	24281
7575	23120
7576	18553
7577	23660
7578	30013
7579	32138
7580	31492
7581	31074
7582	28303
7583	20783
7584	13310
7585	7441
7586	4533
7587	3017
7588	2786
7589	4490
7590	12848
7591	24173
7592	28222
7593	26422
7594	23958
7595	23787
7596	24372
7597	23378
7598	24596
7599	23250
7600	17723
7601	22636
7602	30067
7603	32728
7604	32094
7605	31890
7606	30331
7607	24043
7608	15860
7609	9125
7610	5689
7611	3754
7612	3300
7613	4677
7614	12830
7615	23984
7616	27937
7617	26022
7618	23580
7619	23669
7620	24170
7621	23495
7622	24834
7623	22711
7624	17646
7625	23258
7626	30720
7627	33034
7628	32652
7629	32827
7630	31502
7631	29101
7632	22181
7633	13953
7634	9150
7635	6154
7636	4883
7637	5139
7638	12341
7639	22806
7640	26968
7641	25486
7642	23166
7643	22738
7644	23358
7645	23090
7646	24323
7647	21553
7648	17172
7649	21613
7650	27796
7651	31933
7652	31777
7653	31830
7654	32725
7655	32162
7656	30321
7657	27211
7658	23175
7659	17031
7660	11007
7661	5493
7662	5906
7663	8486
7664	12938
7665	17976
7666	21057
7667	23796
7668	25799
7669	26409
7670	25405
7671	25998
7672	20760
7673	24263
7674	30216
7675	32197
7676	29705
7677	29090
7678	31386
7679	32921
7680	31527
7681	28673
7682	25325
7683	20153
7684	12837
7685	5867
7686	5204
7687	6878
7688	9427
7689	14083
7690	20692
7691	26112
7692	26582
7693	26478
7694	25165
7695	23157
7696	19499
7697	21693
7698	24368
7699	22284
7700	19857
7701	19493
7702	16460
7703	13024
7704	9922
7705	5673
7706	3492
7707	2445
7708	2907
7709	4961
7710	12372
7711	21455
7712	24844
7713	23368
7714	20053
7715	19246
7716	20071
7717	19908
7718	21551
7719	21575
7720	19100
7721	23556
7722	28678
7723	28417
7724	26961
7725	25766
7726	22229
7727	16454
7728	10348
7729	6182
7730	3757
7731	2665
7732	2533
7733	4311
7734	12122
7735	23144
7736	27126
7737	25465
7738	22635
7739	22060
7740	22710
7741	22458
7742	23991
7743	22836
7744	18224
7745	23980
7746	31293
7747	33065
7748	31954
7749	31627
7750	29191
7751	21801
7752	13899
7753	7812
7754	4873
7755	3259
7756	3001
7757	4414
7758	12469
7759	24199
7760	28135
7761	27069
7762	23953
7763	23155
7764	23727
7765	22903
7766	24092
7767	22837
7768	18066
7769	23758
7770	30658
7771	32524
7772	32363
7773	31782
7774	29861
7775	24598
7776	15670
7777	9035
7778	5642
7779	3755
7780	3346
7781	4839
7782	12813
7783	23975
7784	27514
7785	26465
7786	23269
7787	22589
7788	23091
7789	22752
7790	24288
7791	22186
7792	17122
7793	22384
7794	29807
7795	32142
7796	32407
7797	32195
7798	31833
7799	28825
7800	22105
7801	14334
7802	9685
7803	6204
7804	4793
7805	5200
7806	12223
7807	23367
7808	27018
7809	25912
7810	24340
7811	22780
7812	22575
7813	23207
7814	25131
7815	22916
7816	17619
7817	23042
7818	30122
7819	33019
7820	31864
7821	31676
7822	32543
7823	32872
7824	30983
7825	27311
7826	22635
7827	16599
7828	10742
7829	5192
7830	5888
7831	8274
7832	12521
7833	17995
7834	21521
7835	24449
7836	26389
7837	27156
7838	26804
7839	26031
7840	21213
7841	25123
7842	31566
7843	33684
7844	31354
7845	31446
7846	34043
7847	34926
7848	33259
7849	29918
7850	25768
7851	19655
7852	12055
7853	5435
7854	5044
7855	6531
7856	10059
7857	15964
7858	22261
7859	26753
7860	28603
7861	28172
7862	27810
7863	26314
7864	22712
7865	24705
7866	26458
7867	25256
7868	22638
7869	20423
7870	17664
7871	14665
7872	9744
7873	5258
7874	3152
7875	2253
7876	2567
7877	4439
7878	12310
7879	22219
7880	25323
7881	24842
7882	22565
7883	21927
7884	22559
7885	21653
7886	23949
7887	23067
7888	18050
7889	23032
7890	29021
7891	30700
7892	28484
7893	27266
7894	23861
7895	17561
7896	11040
7897	6712
7898	4107
7899	2795
7900	3055
7901	4857
7902	12225
7903	22169
7904	25975
7905	25259
7906	23255
7907	22951
7908	23670
7909	22845
7910	23549
7911	19375
7912	13777
7913	18597
7914	23864
7915	26551
7916	26480
7917	26700
7918	25903
7919	22411
7920	16037
7921	10078
7922	6041
7923	3934
7924	3961
7925	5105
7926	11868
7927	20005
7928	24285
7929	24259
7930	22139
7931	22077
7932	24356
7933	25539
7934	25489
7935	21677
7936	16362
7937	22560
7938	27652
7939	26154
7940	22575
7941	21969
7942	22232
7943	20779
7944	17713
7945	13911
7946	11466
7947	8780
7948	6664
7949	4928
7950	6270
7951	8074
7952	9488
7953	10878
7954	13126
7955	15503
7956	17029
7957	17002
7958	17288
7959	18015
7960	16348
7961	16412
7962	16104
7963	16879
7964	17633
7965	18968
7966	18431
7967	14700
7968	11233
7969	8105
7970	5405
7971	3881
7972	3326
7973	2733
7974	5152
7975	7606
7976	9724
7977	12380
7978	15028
7979	17359
7980	19509
7981	21528
7982	21789
7983	22529
7984	20706
7985	23744
7986	24950
7987	25972
7988	22094
7989	23246
7990	23517
7991	22292
7992	19615
7993	15661
7994	13035
7995	10320
7996	7516
7997	3737
7998	3972
7999	5246
8000	8082
8001	12383
8002	16935
8003	20063
8004	22245
8005	24132
8006	23423
8007	23606
8008	20885
8009	23469
8010	26617
8011	29380
8012	24990
8013	24538
8014	26446
8015	26732
8016	24333
8017	20788
8018	17602
8019	13343
8020	9317
8021	4595
8022	4464
8023	5964
8024	8225
8025	12667
8026	16758
8027	19402
8028	21395
8029	22227
8030	21970
8031	21293
8032	19914
8033	21363
8034	23102
8035	22255
8036	19618
8037	18112
8038	16385
8039	12997
8040	8603
8041	5245
8042	3337
8043	2369
8044	2787
8045	4702
8046	12151
8047	21365
8048	25425
8049	24534
8050	20692
8051	20334
8052	21044
8053	20729
8054	22787
8055	22347
8056	18744
8057	23423
8058	27604
8059	28324
8060	26950
8061	25519
8062	21770
8063	16309
8064	10315
8065	5752
8066	3778
8067	2440
8068	2583
8069	4490
8070	11991
8071	23282
8072	27351
8073	26066
8074	22642
8075	22145
8076	22754
8077	21943
8078	23663
8079	22676
8080	18076
8081	23202
8082	29232
8083	30261
8084	29601
8085	29991
8086	27470
8087	22078
8088	13993
8089	8040
8090	4942
8091	3301
8092	3140
8093	4416
8094	11990
8095	23510
8096	27597
8097	26051
8098	23130
8099	22628
8100	23497
8101	23122
8102	23844
8103	21748
8104	16588
8105	21881
8106	27237
8107	28942
8108	28870
8109	28891
8110	28554
8111	25926
8112	17043
8113	9853
8114	6180
8115	3946
8116	3554
8117	4888
8118	12626
8119	23517
8120	27277
8121	25950
8122	22868
8123	22803
8124	23555
8125	22964
8126	24781
8127	22023
8128	16520
8129	22737
8130	29184
8131	31557
8132	31836
8133	32503
8134	30803
8135	29252
8136	23992
8137	15207
8138	9666
8139	6298
8140	4763
8141	5045
8142	13337
8143	23199
8144	27544
8145	26716
8146	25822
8147	24487
8148	23381
8149	23324
8150	24310
8151	20968
8152	16450
8153	22314
8154	28630
8155	32879
8156	33576
8157	32930
8158	33274
8159	32636
8160	30495
8161	26090
8162	21382
8163	15681
8164	9854
8165	4759
8166	5225
8167	8819
8168	13275
8169	18778
8170	23246
8171	26718
8172	28672
8173	29057
8174	27774
8175	27628
8176	21238
8177	23861
8178	29733
8179	30532
8180	30927
8181	31704
8182	33329
8183	33878
8184	33213
8185	30495
8186	24583
8187	21643
8188	12803
8189	5594
8190	5083
8191	6392
8192	10171
8193	15672
8194	22384
8195	26885
8196	28217
8197	27901
8198	26796
8199	23761
8200	20853
8201	22333
8202	24856
8203	23783
8204	21191
8205	20262
8206	18140
8207	15169
8208	9442
8209	5809
8210	3688
8211	2658
8212	2915
8213	5220
8214	12813
8215	22035
8216	25414
8217	24289
8218	22264
8219	21347
8220	21965
8221	21291
8222	22843
8223	22736
8224	18845
8225	24246
8226	30209
8227	30441
8228	28960
8229	27918
8230	25722
8231	19038
8232	12059
8233	7753
8234	4520
8235	2806
8236	2900
8237	4449
8238	12231
8239	23591
8240	26341
8241	24405
8242	22036
8243	20815
8244	21911
8245	21337
8246	22888
8247	22164
8248	18885
8249	24596
8250	31438
8251	32842
8252	31346
8253	31801
8254	30283
8255	25059
8256	16221
8257	9413
8258	5731
8259	3557
8260	3224
8261	4603
8262	12670
8263	24892
8264	28501
8265	26667
8266	24263
8267	24029
8268	24213
8269	22854
8270	23765
8271	21697
8272	16219
8273	21399
8274	26411
8275	28625
8276	29122
8277	30783
8278	29777
8279	26727
8280	19527
8281	11517
8282	6882
8283	4246
8284	3798
8285	4897
8286	12975
8287	24574
8288	28240
8289	26572
8290	24773
8291	24672
8292	24733
8293	23602
8294	24078
8295	21277
8296	15667
8297	20808
8298	28117
8299	32191
8300	32592
8301	31452
8302	30578
8303	29766
8304	26016
8305	17731
8306	11323
8307	7258
8308	5159
8309	5202
8310	12469
8311	23726
8312	28388
8313	27958
8314	25876
8315	25894
8316	24426
8317	23651
8318	24225
8319	21493
8320	16751
8321	22029
8322	29250
8323	32820
8324	32937
8325	32923
8326	33061
8327	33040
8328	31598
8329	28857
8330	24827
8331	17510
8332	11178
8333	5235
8334	5527
8335	8353
8336	14199
8337	20127
8338	25625
8339	29315
8340	30940
8341	30300
8342	28576
8343	24861
8344	16687
8345	19052
8346	24001
8347	22487
8348	22365
8349	22598
8350	25211
8351	26874
8352	26338
8353	23236
8354	19332
8355	13692
8356	8794
8357	4265
8358	4579
8359	6085
8360	9440
8361	15173
8362	21565
8363	25052
8364	27169
8365	26172
8366	27057
8367	25096
8368	21277
8369	23838
8370	26121
8371	24943
8372	22662
8373	21579
8374	19879
8375	14923
8376	10370
8377	6511
8378	4131
8379	3151
8380	3407
8381	5295
8382	12334
8383	21934
8384	25613
8385	24859
8386	22675
8387	22447
8388	23077
8389	22201
8390	23645
8391	22326
8392	17470
8393	21692
8394	27199
8395	28681
8396	28796
8397	28599
8398	26967
8399	20708
8400	14203
8401	8278
8402	5305
8403	3461
8404	3245
8405	4901
8406	12587
8407	22853
8408	26596
8409	25770
8410	23785
8411	24087
8412	22959
8413	21946
8414	23300
8415	21738
8416	16044
8417	21935
8418	29375
8419	31987
8420	31566
8421	30774
8422	29306
8423	25725
8424	18475
8425	11047
8426	6579
8427	4393
8428	3917
8429	5046
8430	12499
8431	23262
8432	27280
8433	26513
8434	23845
8435	23536
8436	23694
8437	22649
8438	22794
8439	19686
8440	15027
8441	20357
8442	27005
8443	30741
8444	30966
8445	31228
8446	29983
8447	27868
8448	21393
8449	13049
8450	8189
8451	5101
8452	4452
8453	5263
8454	12209
8455	23125
8456	27172
8457	26049
8458	23818
8459	23190
8460	23977
8461	22475
8462	22938
8463	20156
8464	14669
8465	19992
8466	27250
8467	30381
8468	30590
8469	31011
8470	29915
8471	29667
8472	25638
8473	18479
8474	12317
8475	7783
8476	6268
8477	5660
8478	11722
8479	22639
8480	26752
8481	25659
8482	24084
8483	23538
8484	22894
8485	22764
8486	23707
8487	21037
8488	15962
8489	21332
8490	28350
8491	31220
8492	30620
8493	30345
8494	31038
8495	30616
8496	29778
8497	26043
8498	21266
8499	16043
8500	10718
8501	5905
8502	6095
8503	7339
8504	10977
8505	15481
8506	19590
8507	23021
8508	23827
8509	24417
8510	23712
8511	23357
8512	17552
8513	20244
8514	24948
8515	26506
8516	24592
8517	23804
8518	26037
8519	27465
8520	27446
8521	25468
8522	21432
8523	16624
8524	10930
8525	5294
8526	5100
8527	5703
8528	8600
8529	12615
8530	17995
8531	20724
8532	22386
8533	22128
8534	22753
8535	20355
8536	17227
8537	19158
8538	20169
8539	19497
8540	17042
8541	16307
8542	15539
8543	12881
8544	9845
8545	6678
8546	4450
8547	3243
8548	3394
8549	4335
8550	9267
8551	14361
8552	19780
8553	20697
8554	20603
8555	22291
8556	23031
8557	21717
8558	23221
8559	20482
8560	15873
8561	19163
8562	23519
8563	22584
8564	21532
8565	20062
8566	19322
8567	15791
8568	11451
8569	7600
8570	5057
8571	3498
8572	3314
8573	3591
8574	6891
8575	10554
8576	14556
8577	16565
8578	18151
8579	19859
8580	21700
8581	22981
8582	23240
8583	23227
8584	19932
8585	21870
8586	22170
8587	20565
8588	18388
8589	18582
8590	18931
8591	16923
8592	14629
8593	10738
8594	6978
8595	4630
8596	3151
8597	2045
8598	2832
8599	3610
8600	4489
8601	6272
8602	8987
8603	11442
8604	13314
8605	14093
8606	14300
8607	14430
8608	13551
8609	14510
8610	14911
8611	14478
8612	13543
8613	14636
8614	13939
8615	10215
8616	6865
8617	4380
8618	2816
8619	1871
8620	1693
8621	2252
8622	5064
8623	8110
8624	11219
8625	13637
8626	15337
8627	16938
8628	18585
8629	18814
8630	18594
8631	19542
8632	17896
8633	20885
8634	22945
8635	22048
8636	18955
8637	18751
8638	19025
8639	15673
8640	11897
8641	8497
8642	6047
8643	4315
8644	3594
8645	3144
8646	5860
8647	9191
8648	12865
8649	15416
8650	16719
8651	18301
8652	20058
8653	20719
8654	21850
8655	21709
8656	17769
8657	21397
8658	25066
8659	25674
8660	22327
8661	22376
8662	24744
8663	22302
8664	19887
8665	17104
8666	14390
8667	11463
8668	7693
8669	3861
8670	4174
8671	4970
8672	7411
8673	11530
8674	15066
8675	17638
8676	19144
8677	20581
8678	19987
8679	20911
8680	18182
8681	20476
8682	23051
8683	23830
8684	21126
8685	21895
8686	23433
8687	23504
8688	23522
8689	20706
8690	17863
8691	13963
8692	9869
8693	4426
8694	3899
8695	4577
8696	6848
8697	10244
8698	15733
8699	20417
8700	25346
8701	26990
8702	26103
8703	25597
8704	21001
8705	20354
8706	22069
8707	20675
8708	17908
8709	16996
8710	16543
8711	15586
8712	12272
8713	7624
8714	5363
8715	3872
8716	3421
8717	3461
8718	7034
8719	10907
8720	14644
8721	16936
8722	17806
8723	19500
8724	21305
8725	22288
8726	22838
8727	22837
8728	19588
8729	23152
8730	27938
8731	27845
8732	24953
8733	24852
8734	24100
8735	21169
8736	17980
8737	13464
8738	9189
8739	6228
8740	4362
8741	3380
8742	6302
8743	10040
8744	14049
8745	16219
8746	17684
8747	20476
8748	22710
8749	24285
8750	25380
8751	24592
8752	21007
8753	24609
8754	27923
8755	32298
8756	34670
8757	34905
8758	32094
8759	23741
