0	1390
1	1551
2	1485
3	1340
4	926
5	461
6	298
7	214
8	189
9	247
10	367
11	428
12	544
13	552
14	521
15	536
16	535
17	575
18	579
19	528
20	495
21	473
22	454
23	301
24	224
25	141
26	92
27	69
28	82
29	108
30	291
31	490
32	736
33	727
34	625
35	555
36	597
37	583
38	616
39	655
40	819
41	969
42	1154
43	1139
44	857
45	690
46	695
47	459
48	343
49	228
50	164
51	109
52	107
53	133
54	275
55	549
56	830
57	855
58	695
59	655
60	691
61	704
62	683
63	717
64	931
65	1087
66	1351
67	1367
68	1064
69	1064
70	902
71	671
72	498
73	354
74	232
75	146
76	116
77	133
78	279
79	568
80	882
81	863
82	730
83	618
84	729
85	732
86	732
87	723
88	931
89	1159
90	1412
91	1524
92	1038
93	993
94	1069
95	916
96	919
97	757
98	682
99	493
100	281
101	121
102	131
103	213
104	307
105	425
106	514
107	632
108	647
109	630
110	627
111	662
112	708
113	748
114	826
115	872
116	820
117	715
118	903
119	950
120	896
121	839
122	797
123	625
124	352
125	147
126	134
127	160
128	287
129	379
130	494
131	562
132	596
133	582
134	630
135	606
136	628
137	649
138	686
139	690
140	610
141	511
142	483
143	392
144	281
145	181
146	145
147	91
148	98
149	204
150	355
151	647
152	899
153	843
154	669
155	661
156	679
157	641
158	765
159	754
160	961
161	1129
162	1382
163	1350
164	975
165	931
166	835
167	646
168	397
169	239
170	175
171	123
172	98
173	157
174	331
175	703
176	954
177	906
178	740
179	700
180	762
181	741
182	807
183	843
184	1037
185	1244
186	1475
187	1540
188	1149
189	1093
190	1011
191	742
192	456
193	289
194	219
195	145
196	118
197	160
198	346
199	800
200	1006
201	873
202	751
203	794
204	795
205	770
206	910
207	876
208	1057
209	1209
210	1521
211	1557
212	1326
213	1280
214	1105
215	798
216	574
217	337
218	250
219	149
220	127
221	158
222	335
223	687
224	1041
225	960
226	837
227	798
228	817
229	821
230	874
231	865
232	1155
233	1244
234	1635
235	1673
236	1284
237	1373
238	1247
239	967
240	686
241	528
242	340
243	226
244	157
245	172
246	393
247	680
248	1003
249	907
250	793
251	795
252	891
253	906
254	913
255	940
256	1062
257	1269
258	1478
259	1814
260	1254
261	1245
262	1235
263	1099
264	1027
265	873
266	770
267	559
268	336
269	133
270	167
271	228
272	392
273	524
274	610
275	648
276	746
277	739
278	646
279	689
280	732
281	792
282	885
283	897
284	815
285	850
286	875
287	998
288	969
289	982
290	921
291	672
292	434
293	172
294	154
295	193
296	312
297	460
298	584
299	687
300	706
301	740
302	739
303	737
304	712
305	770
306	797
307	702
308	705
309	624
310	575
311	490
312	371
313	210
314	166
315	115
316	110
317	165
318	369
319	773
320	931
321	915
322	823
323	744
324	776
325	807
326	892
327	839
328	1127
329	1278
330	1588
331	1607
332	1206
333	1245
334	1198
335	789
336	554
337	316
338	196
339	166
340	93
341	150
342	387
343	921
344	1174
345	1013
346	940
347	952
348	945
349	993
350	1032
351	1006
352	1194
353	1517
354	1799
355	1847
356	1514
357	1492
358	1465
359	1016
360	710
361	479
362	277
363	185
364	162
365	232
366	500
367	1003
368	1168
369	1099
370	1053
371	952
372	1013
373	940
374	1001
375	941
376	1161
377	1419
378	1717
379	1846
380	1394
381	1390
382	1261
383	992
384	639
385	426
386	278
387	166
388	164
389	197
390	422
391	808
392	1130
393	1002
394	897
395	848
396	952
397	917
398	996
399	1020
400	1193
401	1371
402	1679
403	1622
404	1446
405	1451
406	1420
407	1165
408	820
409	576
410	353
411	269
412	197
413	212
414	411
415	827
416	1043
417	1050
418	926
419	936
420	977
421	966
422	931
423	967
424	1019
425	1107
426	1464
427	1569
428	1232
429	1195
430	1247
431	1122
432	1096
433	977
434	828
435	562
436	449
437	152
438	188
439	268
440	390
441	564
442	641
443	666
444	674
445	700
446	661
447	661
448	657
449	833
450	855
451	911
452	822
453	791
454	913
455	952
456	997
457	1003
458	906
459	712
460	441
461	178
462	139
463	180
464	259
465	412
466	489
467	590
468	610
469	625
470	652
471	684
472	645
473	702
474	860
475	750
476	734
477	727
478	840
479	686
480	579
481	439
482	335
483	231
484	184
485	129
486	197
487	324
488	510
489	619
490	619
491	652
492	740
493	742
494	772
495	754
496	710
497	826
498	973
499	859
500	828
501	808
502	771
503	545
504	339
505	195
506	120
507	100
508	83
509	152
510	404
511	742
512	1097
513	1003
514	925
515	927
516	924
517	895
518	980
519	935
520	1294
521	1470
522	1828
523	1914
524	1506
525	1534
526	1358
527	907
528	620
529	349
530	231
531	105
532	111
533	185
534	432
535	972
536	1269
537	1204
538	1010
539	1005
540	1026
541	982
542	1097
543	1089
544	1324
545	1461
546	1785
547	1790
548	1403
549	1459
550	1417
551	987
552	635
553	368
554	241
555	143
556	92
557	158
558	392
559	814
560	1144
561	1051
562	900
563	954
564	968
565	937
566	1013
567	991
568	1342
569	1603
570	1826
571	2003
572	1614
573	1699
574	1681
575	1328
576	859
577	544
578	367
579	223
580	157
581	219
582	467
583	882
584	1180
585	1175
586	967
587	870
588	1000
589	989
590	1016
591	1034
592	1216
593	1206
594	1422
595	1579
596	1300
597	1239
598	1204
599	1174
600	1108
601	925
602	833
603	637
604	388
605	167
606	169
607	287
608	493
609	666
610	782
611	869
612	849
613	899
614	832
615	803
616	784
617	929
618	1072
619	1088
620	1066
621	1011
622	1083
623	1112
624	1115
625	1038
626	945
627	803
628	451
629	202
630	164
631	251
632	413
633	439
634	650
635	781
636	812
637	788
638	718
639	727
640	719
641	724
642	871
643	744
644	693
645	677
646	616
647	471
648	315
649	178
650	137
651	116
652	128
653	192
654	395
655	756
656	976
657	1009
658	826
659	787
660	932
661	824
662	966
663	1027
664	1141
665	1329
666	1682
667	1644
668	1159
669	1225
670	1002
671	762
672	431
673	291
674	186
675	118
676	100
677	160
678	367
679	811
680	1039
681	981
682	824
683	821
684	803
685	830
686	927
687	949
688	1160
689	1333
690	1808
691	1807
692	1326
693	1339
694	1283
695	971
696	580
697	341
698	226
699	144
700	152
701	145
702	389
703	834
704	1076
705	1094
706	850
707	860
708	903
709	829
710	996
711	937
712	1141
713	1287
714	1591
715	1596
716	1238
717	1364
718	1231
719	1064
720	776
721	486
722	302
723	210
724	168
725	216
726	460
727	845
728	1184
729	1061
730	930
731	875
732	913
733	879
734	976
735	1029
736	1244
737	1376
738	1705
739	1803
740	1515
741	1543
742	1548
743	1368
744	966
745	643
746	432
747	277
748	201
749	220
750	410
751	758
752	1067
753	1024
754	942
755	976
756	918
757	892
758	961
759	961
760	1039
761	1288
762	1572
763	1716
764	1354
765	1340
766	1367
767	1280
768	1254
769	1082
770	944
771	678
772	445
773	172
774	193
775	282
776	435
777	649
778	712
779	796
780	781
781	778
782	788
783	816
784	803
785	880
786	1031
787	1076
788	1052
789	913
790	951
791	995
792	1002
793	957
794	843
795	751
796	430
797	165
798	120
799	180
800	337
801	420
802	620
803	724
804	762
805	720
806	759
807	760
808	799
809	1003
810	1092
811	630
812	625
813	616
814	697
815	888
816	410
817	237
818	179
819	126
820	124
821	193
822	382
823	679
824	909
825	939
826	766
827	743
828	787
829	801
830	842
831	891
832	1121
833	1355
834	1555
835	1552
836	1223
837	1115
838	984
839	723
840	419
841	250
842	166
843	124
844	96
845	185
846	354
847	796
848	1072
849	1032
850	843
851	812
852	895
853	849
854	941
855	940
856	1080
857	1365
858	1636
859	1671
860	1380
861	1359
862	1274
863	947
864	594
865	359
866	208
867	146
868	97
869	170
870	357
871	860
872	1051
873	1033
874	809
875	882
876	958
877	915
878	946
879	959
880	1274
881	1451
882	1696
883	1694
884	1446
885	1459
886	1430
887	1093
888	726
889	410
890	283
891	173
892	144
893	205
894	419
895	868
896	1156
897	1068
898	918
899	981
900	1006
901	1066
902	1092
903	987
904	1136
905	1284
906	1566
907	1681
908	1434
909	1523
910	1519
911	1270
912	985
913	636
914	459
915	298
916	270
917	268
918	433
919	908
920	1109
921	1100
922	972
923	1071
924	1143
925	1114
926	1163
927	1007
928	1154
929	1153
930	1323
931	1464
932	951
933	922
934	960
935	1041
936	675
937	650
938	535
939	341
940	172
941	99
942	94
943	177
944	261
945	402
946	519
947	617
948	660
949	670
950	689
951	729
952	747
953	932
954	1049
955	938
956	942
957	936
958	1123
959	1034
960	1026
961	973
962	841
963	752
964	429
965	199
966	157
967	222
968	364
969	540
970	644
971	717
972	797
973	716
974	653
975	708
976	738
977	791
978	768
979	800
980	683
981	671
982	611
983	491
984	349
985	225
986	161
987	107
988	111
989	187
990	448
991	808
992	1077
993	980
994	820
995	818
996	786
997	799
998	834
999	868
1000	1087
1001	1271
1002	1575
1003	1553
1004	1168
1005	1234
1006	1078
1007	835
1008	564
1009	357
1010	220
1011	136
1012	131
1013	203
1014	368
1015	789
1016	1006
1017	945
1018	898
1019	828
1020	891
1021	834
1022	904
1023	900
1024	1069
1025	1277
1026	1504
1027	1678
1028	1439
1029	1434
1030	1388
1031	1075
1032	767
1033	490
1034	294
1035	183
1036	167
1037	165
1038	395
1039	917
1040	1168
1041	1039
1042	916
1043	894
1044	919
1045	947
1046	1000
1047	1028
1048	1143
1049	1291
1050	1587
1051	1687
1052	1313
1053	1423
1054	1385
1055	1224
1056	838
1057	524
1058	326
1059	202
1060	162
1061	208
1062	384
1063	848
1064	1145
1065	966
1066	882
1067	869
1068	948
1069	914
1070	923
1071	949
1072	1032
1073	1194
1074	1502
1075	1621
1076	1304
1077	1375
1078	1284
1079	1048
1080	856
1081	631
1082	429
1083	292
1084	230
1085	209
1086	389
1087	784
1088	955
1089	925
1090	781
1091	771
1092	899
1093	845
1094	917
1095	820
1096	894
1097	1052
1098	1292
1099	1423
1100	1148
1101	1089
1102	1126
1103	1108
1104	1048
1105	904
1106	776
1107	640
1108	437
1109	187
1110	173
1111	250
1112	420
1113	526
1114	627
1115	705
1116	693
1117	714
1118	684
1119	767
1120	712
1121	798
1122	902
1123	980
1124	952
1125	851
1126	950
1127	1082
1128	1046
1129	1025
1130	873
1131	754
1132	457
1133	194
1134	161
1135	167
1136	274
1137	429
1138	609
1139	707
1140	741
1141	767
1142	720
1143	741
1144	673
1145	768
1146	911
1147	918
1148	840
1149	894
1150	838
1151	774
1152	616
1153	440
1154	364
1155	228
1156	181
1157	135
1158	242
1159	351
1160	555
1161	695
1162	705
1163	664
1164	765
1165	748
1166	718
1167	727
1168	782
1169	854
1170	1005
1171	881
1172	856
1173	786
1174	812
1175	637
1176	401
1177	237
1178	155
1179	110
1180	97
1181	151
1182	305
1183	660
1184	841
1185	844
1186	770
1187	715
1188	768
1189	902
1190	892
1191	831
1192	1044
1193	1248
1194	1431
1195	1496
1196	1177
1197	1143
1198	1162
1199	884
1200	549
1201	357
1202	247
1203	147
1204	111
1205	139
1206	363
1207	814
1208	1028
1209	982
1210	917
1211	870
1212	821
1213	927
1214	1034
1215	936
1216	1195
1217	1408
1218	1643
1219	1865
1220	1507
1221	1467
1222	1443
1223	1068
1224	723
1225	449
1226	255
1227	183
1228	149
1229	174
1230	417
1231	868
1232	1127
1233	1020
1234	913
1235	884
1236	930
1237	879
1238	1015
1239	999
1240	1214
1241	1385
1242	1726
1243	1924
1244	1468
1245	1623
1246	1557
1247	1303
1248	952
1249	677
1250	388
1251	249
1252	206
1253	199
1254	405
1255	772
1256	1059
1257	975
1258	851
1259	911
1260	903
1261	908
1262	984
1263	911
1264	1068
1265	1272
1266	1574
1267	1529
1268	1274
1269	1226
1270	1263
1271	1262
1272	1185
1273	1037
1274	897
1275	708
1276	434
1277	193
1278	196
1279	251
1280	454
1281	683
1282	804
1283	841
1284	903
1285	880
1286	918
1287	850
1288	788
1289	875
1290	958
1291	1000
1292	959
1293	950
1294	1045
1295	1065
1296	1049
1297	976
1298	912
1299	763
1300	489
1301	210
1302	171
1303	209
1304	392
1305	520
1306	610
1307	662
1308	674
1309	747
1310	722
1311	716
1312	690
1313	758
1314	883
1315	791
1316	726
1317	632
1318	634
1319	444
1320	554
1321	242
1322	137
1323	106
1324	115
1325	175
1326	389
1327	700
1328	909
1329	915
1330	787
1331	697
1332	806
1333	808
1334	851
1335	827
1336	1069
1337	1302
1338	1497
1339	1594
1340	1115
1341	1181
1342	1062
1343	724
1344	488
1345	283
1346	192
1347	123
1348	94
1349	151
1350	368
1351	766
1352	1031
1353	1006
1354	858
1355	807
1356	882
1357	917
1358	928
1359	924
1360	1143
1361	1343
1362	1609
1363	1780
1364	1433
1365	1502
1366	1561
1367	1099
1368	821
1369	467
1370	298
1371	161
1372	137
1373	213
1374	549
1375	1136
1376	1376
1377	1179
1378	976
1379	873
1380	911
1381	850
1382	942
1383	951
1384	1085
1385	1348
1386	1617
1387	1698
1388	1374
1389	1386
1390	1339
1391	1006
1392	700
1393	437
1394	310
1395	215
1396	135
1397	187
1398	438
1399	843
1400	1160
1401	1063
1402	895
1403	903
1404	954
1405	971
1406	1007
1407	979
1408	1109
1409	1337
1410	1636
1411	1740
1412	1441
1413	1493
1414	1474
1415	1362
1416	979
1417	658
1418	445
1419	336
1420	239
1421	220
1422	437
1423	749
1424	1032
1425	1011
1426	905
1427	869
1428	897
1429	973
1430	948
1431	911
1432	1066
1433	1217
1434	1530
1435	1534
1436	1304
1437	1239
1438	1222
1439	1204
1440	1223
1441	1023
1442	904
1443	690
1444	454
1445	206
1446	211
1447	254
1448	423
1449	611
1450	669
1451	757
1452	846
1453	835
1454	736
1455	750
1456	727
1457	839
1458	1029
1459	1043
1460	1010
1461	1015
1462	1087
1463	1115
1464	1088
1465	1032
1466	962
1467	780
1468	512
1469	215
1470	165
1471	235
1472	355
1473	487
1474	629
1475	720
1476	816
1477	758
1478	755
1479	710
1480	699
1481	745
1482	852
1483	846
1484	788
1485	749
1486	653
1487	542
1488	351
1489	209
1490	180
1491	120
1492	106
1493	205
1494	382
1495	709
1496	891
1497	949
1498	776
1499	747
1500	806
1501	775
1502	901
1503	897
1504	1111
1505	1342
1506	1686
1507	1704
1508	1300
1509	1218
1510	1115
1511	843
1512	530
1513	328
1514	207
1515	137
1516	122
1517	167
1518	366
1519	856
1520	942
1521	975
1522	863
1523	782
1524	903
1525	914
1526	950
1527	898
1528	1179
1529	1395
1530	1610
1531	1721
1532	1406
1533	1389
1534	1249
1535	1048
1536	618
1537	370
1538	263
1539	149
1540	129
1541	176
1542	392
1543	871
1544	1073
1545	1039
1546	923
1547	919
1548	993
1549	920
1550	986
1551	1019
1552	1202
1553	1307
1554	1584
1555	1822
1556	1473
1557	1471
1558	1366
1559	1015
1560	698
1561	450
1562	288
1563	158
1564	123
1565	166
1566	390
1567	839
1568	1109
1569	1037
1570	915
1571	908
1572	970
1573	1024
1574	1060
1575	1053
1576	1246
1577	1514
1578	1597
1579	1757
1580	1441
1581	1577
1582	1436
1583	1368
1584	1008
1585	603
1586	406
1587	275
1588	236
1589	212
1590	509
1591	984
1592	1275
1593	1200
1594	1044
1595	950
1596	995
1597	940
1598	948
1599	913
1600	1122
1601	1360
1602	1574
1603	1698
1604	1230
1605	1163
1606	1240
1607	1210
1608	1202
1609	813
1610	636
1611	619
1612	366
1613	167
1614	194
1615	297
1616	423
1617	560
1618	693
1619	777
1620	800
1621	783
1622	725
1623	755
1624	628
1625	780
1626	870
1627	985
1628	925
1629	871
1630	964
1631	1011
1632	1017
1633	996
1635	908
1636	715
1637	375
1638	188
1639	195
1640	295
1641	423
1642	597
1643	705
1644	709
1645	731
1646	731
1647	682
1648	685
1649	734
1650	815
1651	823
1652	819
1653	700
1654	635
1655	518
1656	385
1657	259
1658	154
1659	127
1660	134
1661	185
1662	365
1663	618
1664	848
1665	864
1666	729
1667	706
1668	726
1669	758
1670	822
1671	824
1672	1080
1673	1229
1674	1430
1675	1492
1676	1133
1677	1191
1678	1034
1679	821
1680	553
1681	310
1682	189
1683	113
1684	116
1685	164
1686	439
1687	857
1688	1088
1689	1003
1690	951
1691	960
1692	971
1693	956
1694	1009
1695	1052
1696	1004
1697	1295
1698	1511
1699	1581
1700	1248
1701	1338
1702	1218
1703	996
1704	656
1705	414
1706	296
1707	190
1708	139
1709	194
1710	394
1711	808
1712	1096
1713	1006
1714	913
1715	874
1716	909
1717	869
1718	913
1719	931
1720	1079
1721	1235
1722	1554
1723	1652
1724	1435
1725	1471
1726	1366
1727	1132
1728	845
1729	540
1730	381
1731	218
1732	171
1733	204
1734	409
1735	831
1736	1134
1737	1142
1738	1038
1739	974
1740	1030
1741	1035
1742	1031
1743	1014
1744	1068
1745	1229
1746	1560
1747	1707
1748	1412
1749	1572
1750	1551
1751	1356
1752	1069
1753	747
1754	475
1755	328
1756	260
1757	214
1758	439
1759	837
1760	1103
1761	1049
1762	936
1763	937
1764	863
1765	911
1766	960
1767	904
1768	957
1769	1105
1770	1472
1771	1554
1772	1222
1773	1183
1774	1256
1775	1242
1776	1193
1777	1069
1778	955
1779	685
1780	423
1781	229
1782	199
1783	293
1784	498
1785	696
1786	722
1787	779
1788	836
1789	823
1790	864
1791	852
1792	690
1793	910
1794	1001
1795	1031
1796	1129
1797	1101
1798	1168
1799	1092
1800	1128
1801	1124
1802	965
1803	733
1804	456
1805	204
1806	285
1807	259
1808	341
1809	507
1810	582
1811	746
1812	801
1813	835
1814	818
1815	805
1816	696
1817	823
1818	848
1819	796
1820	751
1821	752
1822	722
1823	570
1824	365
1825	268
1826	187
1827	124
1828	155
1829	216
1830	400
1831	716
1832	879
1833	981
1834	776
1835	772
1836	778
1837	805
1838	828
1839	918
1840	1143
1841	1409
1842	1804
1843	1932
1844	1545
1845	1621
1846	1366
1847	1060
1848	600
1849	342
1850	226
1851	148
1852	113
1853	171
1854	374
1855	750
1856	1031
1857	1060
1858	927
1859	1031
1860	891
1861	863
1862	856
1863	829
1864	1131
1865	1348
1866	1620
1867	1686
1868	1246
1869	1383
1870	1290
1871	979
1872	636
1873	418
1874	271
1875	170
1876	135
1877	182
1878	390
1879	830
1880	1082
1881	1106
1882	862
1883	850
1884	941
1885	925
1886	977
1887	944
1888	1092
1889	1296
1890	1611
1891	1708
1892	1378
1893	1415
1894	1343
1895	1066
1896	711
1897	447
1898	301
1899	199
1900	129
1901	163
1902	432
1903	856
1904	1169
1905	1100
1906	902
1907	880
1908	927
1909	837
1910	621
1911	723
1912	642
1913	715
1914	877
1915	872
1916	1357
1917	1446
1918	1396
1919	1329
1920	987
1921	714
1922	435
1923	304
1924	233
1925	209
1926	406
1927	731
1928	998
1929	941
1930	787
1931	847
1932	906
1933	912
1934	996
1935	895
1936	1013
1937	1203
1938	1591
1939	1556
1940	1271
1941	1223
1942	1258
1943	1208
1944	1238
1945	1018
1946	890
1947	727
1948	419
1949	169
1950	187
1951	257
1952	406
1953	567
1954	665
1955	725
1956	772
1957	739
1958	713
1959	780
1960	654
1961	776
1962	963
1963	984
1964	969
1965	884
1966	992
1967	1030
1968	1002
1969	1000
1970	930
1971	713
1972	563
1973	199
1974	159
1975	211
1976	291
1977	424
1978	616
1979	581
1980	704
1981	675
1982	683
1983	682
1984	680
1985	729
1986	739
1987	738
1988	716
1989	662
1990	663
1991	466
1992	387
1993	259
1994	163
1995	114
1996	110
1997	135
1998	277
1999	601
2000	829
2001	853
2002	767
2003	716
2004	748
2005	788
2006	879
2007	798
2008	962
2009	1271
2010	1562
2011	1458
2012	1060
2013	996
2014	943
2015	708
2016	463
2017	294
2018	190
2019	124
2020	111
2021	151
2022	355
2023	671
2024	871
2025	919
2026	777
2027	742
2028	740
2029	793
2030	818
2031	826
2032	925
2033	1213
2034	1420
2035	1630
2036	1279
2037	1272
2038	1172
2039	937
2040	620
2041	410
2042	264
2043	191
2044	119
2045	162
2046	375
2047	686
2048	960
2049	921
2050	851
2051	814
2052	838
2053	814
2054	918
2055	862
2056	992
2057	1214
2058	1536
2059	1583
2060	1340
2061	1326
2062	1275
2063	1091
2064	742
2065	486
2066	325
2067	193
2068	189
2069	187
2070	384
2071	743
2072	975
2073	986
2074	768
2075	816
2076	900
2077	907
2078	932
2079	848
2080	868
2081	979
2082	1368
2083	1500
2084	1278
2085	1375
2086	1323
2087	1144
2088	1064
2089	763
2090	539
2091	387
2092	243
2093	208
2094	270
2095	477
2096	809
2097	896
2098	796
2099	734
2100	799
2101	745
2102	804
2103	789
2104	846
2105	1051
2106	1291
2107	1354
2108	1033
2109	912
2110	1032
2111	1019
2112	1011
2113	897
2114	808
2115	607
2116	422
2117	156
2118	171
2119	203
2120	368
2121	465
2122	527
2123	633
2124	649
2125	607
2126	659
2127	640
2128	587
2129	628
2130	749
2131	838
2132	786
2133	758
2134	813
2135	821
2136	867
2137	741
2138	702
2139	544
2140	365
2141	157
2142	144
2143	178
2144	322
2145	442
2146	611
2147	649
2148	688
2149	706
2150	650
2151	589
2152	578
2153	653
2154	707
2155	709
2156	822
2157	719
2158	644
2159	400
2160	293
2161	192
2162	111
2163	86
2164	99
2165	177
2166	347
2167	609
2168	738
2169	818
2170	685
2171	631
2172	650
2173	652
2174	744
2175	701
2176	1039
2177	1206
2178	1355
2179	1245
2180	1081
2181	1146
2182	976
2183	706
2184	485
2185	283
2186	175
2187	130
2188	120
2189	173
2190	340
2191	695
2192	910
2193	966
2194	819
2195	792
2196	868
2197	783
2198	894
2199	923
2200	1038
2201	1305
2202	1662
2203	1771
2204	1317
2205	1394
2206	1211
2207	941
2208	600
2209	392
2210	245
2211	159
2212	136
2213	162
2214	379
2215	830
2216	1010
2217	948
2218	853
2219	856
2220	918
2221	867
2222	886
2223	958
2224	1015
2225	1195
2226	1526
2227	1625
2228	1388
2229	1424
2230	1380
2231	1057
2232	735
2233	416
2234	280
2235	169
2236	138
2237	194
2238	390
2239	852
2240	1005
2241	1011
2242	908
2243	862
2244	855
2245	863
2246	986
2247	922
2248	1044
2249	1252
2250	1537
2251	1634
2252	1474
2253	1408
2254	1366
2255	1152
2256	936
2257	614
2258	413
2259	259
2260	235
2261	184
2262	406
2263	736
2264	989
2265	958
2266	830
2267	859
2268	827
2269	770
2270	841
2271	781
2272	872
2273	1060
2274	1282
2275	1471
2276	1157
2277	1204
2278	1246
2279	1232
2280	1140
2281	1002
2282	545
2283	459
2284	431
2285	143
2286	192
2287	327
2288	463
2289	589
2290	693
2291	668
2292	737
2293	693
2294	666
2295	618
2296	526
2297	650
2298	742
2299	770
2300	834
2301	858
2302	936
2303	916
2304	971
2305	1007
2306	869
2307	755
2308	476
2309	183
2310	151
2311	219
2312	333
2313	432
2314	659
2315	675
2316	745
2317	684
2318	723
2319	628
2320	611
2321	634
2322	757
2323	708
2324	635
2325	556
2326	605
2327	502
2328	346
2329	184
2330	131
2331	97
2332	112
2333	160
2334	366
2335	684
2336	822
2337	838
2338	682
2339	689
2340	772
2341	684
2342	771
2343	788
2344	942
2345	1137
2346	1410
2347	1414
2348	1150
2349	1178
2350	954
2351	763
2352	569
2353	299
2354	208
2355	102
2356	101
2357	164
2358	351
2359	746
2360	909
2361	913
2362	791
2363	723
2364	711
2365	741
2366	886
2367	845
2368	1017
2369	1256
2370	1477
2371	1439
2372	1218
2373	1271
2374	1140
2375	929
2376	623
2377	401
2378	228
2379	148
2380	149
2381	192
2382	390
2383	772
2384	1032
2385	992
2386	867
2387	794
2388	853
2389	855
2390	852
2391	969
2392	979
2393	1218
2394	1612
2395	2073
2396	1362
2397	1267
2398	1549
2399	1083
2400	719
2401	430
2402	309
2403	182
2404	138
2405	202
2406	419
2407	848
2408	1057
2409	1001
2410	823
2411	793
2412	893
2413	946
2414	955
2415	897
2416	1020
2417	1246
2418	1521
2419	1651
2420	1427
2421	1451
2422	1426
2423	1241
2424	923
2425	607
2426	371
2427	273
2428	191
2429	230
2430	452
2431	928
2432	1142
2433	1204
2434	1026
2435	976
2436	870
2437	870
2438	954
2439	901
2440	955
2441	1177
2442	1523
2443	1630
2444	1274
2445	1224
2446	1194
2447	1215
2448	1182
2449	930
2450	799
2451	566
2452	333
2453	157
2454	189
2455	300
2456	483
2457	612
2458	701
2459	732
2460	741
2461	759
2462	735
2463	683
2464	613
2465	740
2466	863
2467	892
2468	911
2469	883
2470	962
2471	919
2472	978
2473	828
2474	916
2475	746
2476	514
2477	204
2478	182
2479	264
2480	350
2481	534
2482	646
2483	639
2484	740
2485	679
2486	674
2487	617
2488	609
2489	624
2490	743
2491	723
2492	650
2493	657
2494	609
2495	526
2496	344
2497	221
2498	132
2499	103
2500	119
2501	213
2502	360
2503	680
2504	881
2505	835
2506	727
2507	734
2508	755
2509	717
2510	767
2511	791
2512	1000
2513	1191
2514	1421
2515	1378
2516	1125
2517	1184
2518	1004
2519	714
2520	499
2521	322
2522	194
2523	132
2524	111
2525	146
2526	364
2527	727
2528	916
2529	816
2530	763
2531	696
2532	712
2533	784
2534	847
2535	893
2536	1008
2537	1142
2538	1502
2539	1528
2540	1207
2541	1311
2542	1130
2543	931
2544	588
2545	393
2546	237
2547	151
2548	113
2549	193
2550	436
2551	803
2552	1037
2553	1044
2554	835
2555	823
2556	873
2557	810
2558	895
2559	870
2560	992
2561	1179
2562	1450
2563	1511
2564	1276
2565	1342
2566	1284
2567	1035
2568	673
2569	483
2570	285
2571	193
2572	167
2573	222
2574	415
2575	862
2576	1055
2577	970
2578	840
2579	824
2580	864
2581	856
2582	967
2583	959
2584	1084
2585	1223
2586	1497
2587	1596
2588	1365
2589	1326
2590	1289
2591	1205
2592	893
2593	655
2594	411
2595	287
2596	189
2597	208
2598	442
2599	768
2600	946
2601	935
2602	843
2603	851
2604	858
2605	839
2606	856
2607	804
2608	881
2609	1041
2610	1390
2611	1466
2612	1214
2613	1160
2614	1204
2615	1146
2616	1148
2617	1016
2618	913
2619	606
2620	399
2621	159
2622	197
2623	302
2624	477
2625	648
2626	737
2627	761
2628	823
2629	727
2630	731
2631	660
2632	648
2633	805
2634	899
2635	984
2636	989
2637	942
2638	977
2639	970
2640	1087
2641	1030
2642	917
2643	725
2644	478
2645	206
2646	165
2647	260
2648	345
2649	486
2650	630
2651	712
2652	751
2653	741
2654	654
2655	693
2656	588
2657	678
2658	791
2659	776
2660	753
2661	728
2662	637
2663	543
2664	375
2665	267
2666	161
2667	93
2668	119
2669	182
2670	360
2671	630
2672	836
2673	831
2674	733
2675	704
2676	761
2677	793
2678	835
2679	801
2680	1059
2681	1232
2682	1443
2683	1473
2684	1196
2685	1172
2686	1046
2687	761
2688	562
2689	345
2690	195
2691	133
2692	123
2693	171
2694	386
2695	851
2696	1018
2697	975
2698	842
2699	821
2700	844
2701	838
2702	899
2703	893
2704	1038
2705	1306
2706	1589
2707	1577
2708	1308
2709	1365
2710	1257
2711	1035
2712	703
2713	408
2714	261
2715	168
2716	159
2717	200
2718	436
2719	848
2720	1102
2721	1039
2722	880
2723	842
2724	822
2725	880
2726	919
2727	918
2728	1030
2729	1201
2730	1454
2731	1579
2732	1303
2733	1377
2734	1326
2735	1140
2736	764
2737	522
2738	343
2739	208
2740	151
2741	216
2742	394
2743	792
2744	1046
2745	1039
2746	940
2747	858
2748	929
2749	898
2750	934
2751	866
2752	941
2753	1158
2754	1382
2755	1454
2756	1339
2757	1349
2758	1307
2759	1236
2760	1005
2761	677
2762	445
2763	318
2764	240
2765	219
2766	415
2767	722
2768	988
2769	896
2770	783
2771	839
2772	900
2773	806
2774	867
2775	845
2776	877
2777	976
2778	1361
2779	1563
2780	1151
2781	1153
2782	1091
2783	1183
2784	1083
2785	953
2786	817
2787	618
2788	413
2789	176
2790	171
2791	296
2792	449
2793	592
2794	671
2795	745
2796	733
2797	751
2798	695
2799	637
2800	651
2801	710
2802	794
2803	873
2804	922
2805	876
2806	900
2807	956
2808	954
2809	899
2810	829
2811	735
2812	461
2813	180
2814	151
2815	232
2816	310
2817	448
2818	590
2819	639
2820	712
2821	766
2822	733
2823	662
2824	677
2825	664
2826	751
2827	741
2828	710
2829	674
2830	617
2831	481
2832	378
2833	206
2834	167
2835	141
2836	109
2837	190
2838	388
2839	726
2840	847
2841	867
2842	780
2843	764
2844	794
2845	838
2846	778
2847	801
2848	974
2849	1144
2850	1470
2851	1388
2852	1115
2853	1099
2854	998
2855	725
2856	482
2857	300
2858	177
2859	120
2860	128
2861	167
2862	363
2863	792
2864	928
2865	901
2866	783
2867	764
2868	802
2869	812
2870	813
2871	800
2872	984
2873	1246
2874	1467
2875	1610
2876	1332
2877	1280
2878	1252
2879	940
2880	662
2881	429
2882	267
2883	170
2884	117
2885	188
2886	397
2887	777
2888	937
2889	894
2890	766
2891	794
2892	756
2893	773
2894	820
2895	819
2896	967
2897	1060
2898	1355
2899	1570
2900	1306
2901	1322
2902	1312
2903	1061
2904	710
2905	496
2906	310
2907	189
2908	139
2909	192
2910	403
2911	777
2912	1039
2913	1058
2914	833
2915	845
2916	850
2917	884
2918	856
2919	877
2920	935
2921	1142
2922	1449
2923	1580
2924	1359
2925	1303
2926	1365
2927	1213
2928	944
2929	614
2930	426
2931	276
2932	219
2933	230
2934	374
2935	784
2936	968
2937	837
2938	726
2939	812
2940	763
2941	819
2942	835
2943	845
2944	866
2945	1045
2946	1404
2947	1490
2948	1195
2949	1158
2950	1205
2951	1185
2952	1034
2953	917
2954	774
2955	620
2956	404
2957	157
2958	175
2959	297
2960	406
2961	567
2962	627
2963	720
2964	724
2965	804
2966	694
2967	687
2968	617
2969	745
2970	937
2971	963
2972	948
2973	933
2974	1036
2975	997
2976	1012
2977	947
2978	796
2979	682
2980	411
2981	159
2982	165
2983	202
2984	359
2985	426
2986	533
2987	670
2988	718
2989	721
2990	708
2991	709
2992	694
2993	734
2994	827
2995	822
2996	848
2997	786
2998	747
2999	660
3000	459
3001	256
3002	138
3003	105
3004	131
3005	192
3006	345
3007	719
3008	814
3009	832
3010	729
3011	752
3012	760
3013	714
3014	755
3015	762
3016	956
3017	1089
3018	1415
3019	1414
3020	1103
3021	1155
3022	984
3023	752
3024	511
3025	327
3026	205
3027	124
3028	113
3029	160
3030	362
3031	775
3032	910
3033	957
3034	797
3035	815
3036	787
3037	822
3038	879
3039	882
3040	987
3041	1167
3042	1443
3043	1498
3044	1245
3045	1279
3046	1208
3047	903
3048	632
3049	433
3050	290
3051	194
3052	176
3053	220
3054	563
3055	1304
3056	1438
3057	970
3058	896
3059	894
3060	1040
3061	873
3062	827
3063	815
3064	943
3065	1148
3066	1315
3067	1464
3068	1313
3069	1359
3070	1242
3071	1140
3072	750
3073	494
3074	340
3075	169
3076	143
3077	200
3078	408
3079	927
3080	1111
3081	1145
3082	1073
3083	911
3084	823
3085	820
3086	903
3087	848
3088	964
3089	1099
3090	1394
3091	1517
3092	1259
3093	1276
3094	1235
3095	1242
3096	988
3097	682
3098	430
3099	291
3100	218
3101	188
3102	383
3103	726
3104	992
3105	919
3106	814
3107	826
3108	837
3109	724
3110	900
3111	827
3112	890
3113	993
3114	1319
3115	1447
3116	1058
3117	1106
3118	1130
3119	1086
3120	1087
3121	1065
3122	824
3123	603
3124	390
3125	171
3126	169
3127	279
3128	482
3129	578
3130	699
3131	762
3132	808
3133	732
3134	722
3135	829
3136	802
3137	683
3138	825
3139	892
3140	795
3141	790
3142	816
3143	878
3144	859
3145	843
3146	729
3147	582
3148	390
3149	180
3150	150
3151	226
3152	328
3153	456
3154	619
3155	739
3156	699
3157	714
3158	683
3159	590
3160	588
3161	620
3162	676
3163	690
3164	706
3165	738
3166	696
3167	527
3168	333
3169	247
3170	172
3171	135
3172	138
3173	208
3174	340
3175	674
3176	811
3177	830
3178	742
3179	734
3180	733
3181	763
3182	762
3183	842
3184	949
3185	1101
3186	1420
3187	1431
3188	1213
3189	1204
3190	1063
3191	832
3192	543
3193	400
3194	217
3195	145
3196	131
3197	169
3198	390
3199	784
3200	955
3201	954
3202	782
3203	782
3204	807
3205	773
3206	846
3207	817
3208	957
3209	1150
3210	1351
3211	1567
3212	1279
3213	1330
3214	1245
3215	1010
3216	696
3217	406
3218	277
3219	210
3220	148
3221	152
3222	420
3223	778
3224	993
3225	939
3226	903
3227	929
3228	893
3229	915
3230	1016
3231	882
3232	956
3233	1183
3234	1453
3235	1543
3236	1330
3237	1396
3238	1392
3239	1086
3240	782
3241	528
3242	356
3243	239
3244	176
3245	212
3246	390
3247	891
3248	984
3249	902
3250	869
3251	825
3252	895
3253	934
3254	962
3255	946
3256	953
3257	1230
3258	1469
3259	1514
3260	1252
3261	1366
3262	1242
3263	1179
3264	992
3265	727
3266	484
3267	333
3268	250
3269	245
3270	415
3271	750
3272	909
3273	867
3274	833
3275	791
3276	786
3277	728
3278	827
3279	796
3280	778
3281	863
3282	1170
3283	1359
3284	1118
3285	1078
3286	1090
3287	1023
3288	987
3289	971
3290	842
3291	651
3292	404
3293	212
3294	208
3295	326
3296	453
3297	623
3298	623
3299	691
3300	667
3301	658
3302	721
3303	645
3304	554
3305	649
3306	741
3307	828
3308	747
3309	873
3310	873
3311	883
3312	977
3313	896
3314	839
3315	721
3316	466
3317	194
3318	179
3319	236
3320	420
3321	592
3322	727
3323	795
3324	818
3325	817
3326	713
3327	694
3328	628
3329	723
3330	786
3331	758
3332	661
3333	685
3334	648
3335	554
3336	382
3337	240
3338	179
3339	131
3340	124
3341	196
3342	362
3343	647
3344	820
3345	851
3346	765
3347	756
3348	721
3349	743
3350	781
3351	772
3352	923
3353	1110
3354	1255
3355	1500
3356	1150
3357	1170
3358	1056
3359	811
3360	618
3361	373
3362	249
3363	152
3364	128
3365	187
3366	384
3367	821
3368	921
3369	889
3370	829
3371	830
3372	859
3373	825
3374	879
3375	881
3376	933
3377	1110
3378	1385
3379	1504
3380	1207
3381	1226
3382	1191
3383	984
3384	700
3385	473
3386	276
3387	174
3388	148
3389	201
3390	406
3391	836
3392	1043
3393	974
3394	903
3395	796
3396	827
3397	788
3398	813
3399	847
3400	856
3401	1050
3402	1255
3403	1454
3404	1222
3405	1219
3406	1268
3407	1091
3408	757
3409	565
3410	373
3411	228
3412	181
3413	219
3414	437
3415	838
3416	979
3417	993
3418	894
3419	866
3420	864
3421	815
3422	885
3423	974
3424	783
3425	856
3426	1069
3427	1231
3428	1077
3429	1139
3430	1182
3431	1075
3432	914
3433	650
3434	477
3435	278
3436	258
3437	250
3438	426
3439	718
3440	905
3441	833
3442	770
3443	673
3444	780
3445	771
3446	807
3447	740
3448	757
3449	905
3450	1191
3451	1238
3452	902
3453	890
3454	937
3455	939
3456	1008
3457	806
3458	688
3459	534
3460	334
3461	155
3462	186
3463	279
3464	351
3465	462
3466	558
3467	634
3468	657
3469	576
3470	612
3471	558
3472	572
3473	624
3474	575
3475	698
3476	704
3477	641
3478	735
3479	662
3480	737
3481	627
3482	571
3483	520
3484	323
3485	144
3486	127
3487	163
3488	230
3489	277
3490	382
3491	462
3492	508
3493	538
3494	508
3495	428
3496	488
3497	504
3498	538
3499	552
3500	526
3501	591
3502	599
3503	644
3504	570
3505	500
3506	338
3507	282
3508	198
3509	101
3510	107
3511	155
3512	202
3513	287
3514	349
3515	383
3516	510
3517	511
3518	536
3519	535
3520	524
3521	585
3522	588
3523	580
3524	652
3525	632
3526	600
3527	425
3528	361
3529	180
3530	140
3531	86
3532	100
3533	172
3534	304
3535	660
3536	736
3537	753
3538	672
3539	745
3540	749
3541	798
3542	767
3543	899
3544	896
3545	895
3546	1237
3547	1369
3548	1037
3549	1014
3550	878
3551	613
3552	475
3553	301
3554	189
3555	144
3556	116
3557	155
3558	348
3559	799
3560	921
3561	855
3562	742
3563	784
3564	740
3565	783
3566	836
3567	776
3568	909
3569	1036
3570	1289
3571	1443
3572	1289
3573	1273
3574	1157
3575	1039
3576	644
3577	429
3578	277
3579	175
3580	134
3581	174
3582	407
3583	831
3584	1045
3585	974
3586	928
3587	841
3588	920
3589	913
3590	894
3591	857
3592	926
3593	1065
3594	1319
3595	1423
3596	1320
3597	1261
3598	1253
3599	1133
3600	891
3601	641
3602	427
3603	265
3604	199
3605	220
3606	446
3607	843
3608	947
3609	969
3610	860
3611	863
3612	834
3613	823
3614	848
3615	772
3616	827
3617	968
3618	1311
3619	1420
3620	1055
3621	1091
3622	1048
3623	1080
3624	977
3625	863
3626	794
3627	605
3628	393
3629	179
3630	203
3631	351
3632	489
3633	597
3634	730
3635	816
3636	731
3637	773
3638	724
3639	731
3640	684
3641	744
3642	881
3643	918
3644	823
3645	772
3646	824
3647	902
3648	937
3649	840
3650	750
3651	619
3652	416
3653	181
3654	141
3655	213
3656	284
3657	443
3658	601
3659	683
3660	594
3661	674
3662	678
3663	633
3664	594
3665	701
3666	681
3667	678
3668	688
3669	666
3670	747
3671	800
3672	455
3673	236
3674	195
3675	113
3676	111
3677	199
3678	378
3679	731
3680	948
3681	950
3682	741
3683	685
3684	700
3685	728
3686	792
3687	765
3688	991
3689	1499
3690	1215
3691	1368
3692	1100
3693	1051
3694	981
3695	795
3696	506
3697	301
3698	218
3699	147
3700	121
3701	168
3702	351
3703	799
3704	889
3705	782
3706	738
3707	729
3708	738
3709	720
3710	815
3711	736
3712	896
3713	1007
3714	1375
3715	1506
3716	1190
3717	1268
3718	1198
3719	1004
3720	665
3721	364
3722	269
3723	166
3724	122
3725	166
3726	403
3727	850
3728	996
3729	924
3730	801
3731	806
3732	876
3733	829
3734	853
3735	810
3736	859
3737	1039
3738	1322
3739	1490
3740	1204
3741	1398
3742	1203
3743	1068
3744	795
3745	529
3746	307
3747	200
3748	153
3749	215
3750	384
3751	838
3752	942
3753	939
3754	847
3755	771
3756	535
3757	690
3758	825
3759	834
3760	880
3761	998
3762	1337
3763	1549
3764	1270
3765	1362
3766	1331
3767	1231
3768	1020
3769	675
3770	439
3771	330
3772	243
3773	224
3774	491
3775	998
3776	1136
3777	1022
3778	863
3779	883
3780	928
3781	854
3782	843
3783	859
3784	922
3785	1053
3786	1490
3787	1838
3788	1398
3789	1419
3790	1348
3791	1117
3792	1041
3793	974
3794	654
3795	507
3796	320
3797	154
3798	157
3799	278
3800	379
3801	502
3802	588
3803	689
3804	705
3805	740
3806	711
3807	621
3808	620
3809	696
3810	750
3811	833
3812	777
3813	753
3814	851
3815	934
3816	881
3817	866
3818	832
3819	653
3820	423
3821	178
3822	154
3823	199
3824	286
3825	424
3826	503
3827	630
3828	616
3829	622
3830	654
3831	656
3832	560
3833	588
3834	679
3835	699
3836	719
3837	608
3838	602
3839	614
3840	470
3841	286
3842	211
3843	122
3844	143
3845	196
3846	358
3847	663
3848	747
3849	846
3850	706
3851	867
3852	804
3853	775
3854	802
3855	733
3856	936
3857	1082
3858	1391
3859	1539
3860	1318
3861	1218
3862	990
3863	776
3864	547
3865	316
3866	217
3867	125
3868	101
3869	187
3870	353
3871	730
3872	936
3873	876
3874	756
3875	768
3876	799
3877	788
3878	824
3879	827
3880	871
3881	1122
3882	1398
3883	1445
3884	1170
3885	1181
3886	1181
3887	996
3888	659
3889	448
3890	274
3891	191
3892	158
3893	202
3894	400
3895	783
3896	975
3897	956
3898	798
3899	748
3900	843
3901	778
3902	821
3903	757
3904	858
3905	951
3906	1258
3907	1418
3908	1135
3909	1201
3910	1094
3911	1020
3912	716
3913	533
3914	306
3915	213
3916	176
3917	205
3918	456
3919	880
3920	1009
3921	1072
3922	900
3923	912
3924	763
3925	803
3926	908
3927	813
3928	879
3929	1013
3930	1356
3931	1922
3932	1506
3933	1539
3934	1381
3935	1290
3936	1113
3937	745
3938	461
3939	283
3940	203
3941	248
3942	425
3943	775
3944	918
3945	893
3946	827
3947	779
3948	776
3949	790
3950	831
3951	742
3952	823
3953	982
3954	1214
3955	1341
3956	1033
3957	1035
3958	1011
3959	1081
3960	1011
3961	905
3962	877
3963	604
3964	420
3965	199
3966	168
3967	273
3968	390
3969	595
3970	637
3971	655
3972	602
3973	618
3974	632
3975	644
3976	582
3977	669
3978	756
3979	800
3980	724
3981	747
3982	757
3983	812
3984	883
3985	817
3986	726
3987	575
3988	381
3989	175
3990	132
3991	171
3992	257
3993	369
3994	500
3995	559
3996	597
3997	663
3998	564
3999	574
4000	545
4001	631
4002	646
4003	632
4004	600
4005	720
4006	608
4007	552
4008	326
4009	223
4010	127
4011	99
4012	127
4013	194
4014	348
4015	646
4016	686
4017	779
4018	686
4019	712
4020	710
4021	707
4022	770
4023	885
4024	849
4025	1005
4026	1218
4027	1369
4028	1028
4029	1069
4030	1037
4031	807
4032	543
4033	317
4034	217
4035	131
4036	104
4037	166
4038	362
4039	738
4040	892
4041	900
4042	784
4043	764
4044	817
4045	846
4046	826
4047	841
4048	891
4049	1054
4050	1446
4051	1485
4052	1209
4053	1286
4054	1201
4055	930
4056	790
4057	404
4058	269
4059	162
4060	123
4061	182
4062	395
4063	753
4064	959
4065	939
4066	836
4067	770
4068	778
4069	807
4070	858
4071	797
4072	902
4073	991
4074	1247
4075	1458
4076	1172
4077	1227
4078	1182
4079	1075
4080	820
4081	431
4082	311
4083	205
4084	141
4085	199
4086	409
4087	771
4088	1045
4089	967
4090	849
4091	823
4092	835
4093	874
4094	851
4095	802
4096	884
4097	1032
4098	1213
4099	1366
4100	1180
4101	1270
4102	1206
4103	1156
4104	1106
4105	697
4106	509
4107	309
4108	219
4109	210
4110	404
4111	667
4112	850
4113	863
4114	793
4115	731
4116	767
4117	613
4118	712
4119	678
4120	727
4121	848
4122	1113
4123	1062
4124	966
4125	998
4126	1026
4127	1030
4128	957
4129	928
4130	758
4131	542
4132	385
4133	172
4134	157
4135	231
4136	362
4137	497
4138	554
4139	593
4140	587
4141	618
4142	580
4143	608
4144	490
4145	635
4146	676
4147	720
4148	743
4149	730
4150	765
4151	834
4152	823
4153	816
4154	735
4155	555
4156	400
4157	171
4158	152
4159	173
4160	246
4161	375
4162	475
4163	590
4164	637
4165	656
4166	627
4167	659
4168	633
4169	671
4170	704
4171	711
4172	624
4173	660
4174	610
4175	555
4176	373
4177	218
4178	153
4179	109
4180	135
4181	212
4182	392
4183	648
4184	772
4185	780
4186	680
4187	710
4188	745
4189	737
4190	781
4191	728
4192	878
4193	990
4194	1251
4195	1303
4196	1040
4197	983
4198	962
4199	758
4200	556
4201	368
4202	255
4203	133
4204	119
4205	198
4206	354
4207	769
4208	885
4209	870
4210	785
4211	821
4212	847
4213	798
4214	850
4215	832
4216	862
4217	960
4218	1336
4219	1463
4220	1154
4221	1194
4222	1204
4223	1046
4224	753
4225	450
4226	304
4227	176
4228	149
4229	189
4230	371
4231	798
4232	1037
4233	944
4234	905
4235	871
4236	831
4237	858
4238	822
4239	761
4240	816
4241	1001
4242	1318
4243	1387
4244	1245
4245	1250
4246	1236
4247	1100
4248	854
4249	513
4250	319
4251	213
4252	160
4253	197
4254	398
4255	783
4256	954
4257	940
4258	954
4259	849
4260	894
4261	914
4262	865
4263	766
4264	865
4265	1058
4266	1415
4267	1535
4268	1254
4269	1424
4270	1276
4271	1153
4272	966
4273	746
4274	518
4275	298
4276	233
4277	228
4278	418
4279	702
4280	948
4281	880
4282	798
4283	748
4284	777
4285	755
4286	752
4287	726
4288	778
4289	871
4290	1175
4291	1425
4292	1101
4293	1082
4294	975
4295	940
4296	1022
4297	949
4298	909
4299	614
4300	384
4301	198
4302	196
4303	242
4304	372
4305	492
4306	611
4307	658
4308	668
4309	637
4310	619
4311	641
4312	592
4313	595
4314	684
4315	771
4316	719
4317	788
4318	857
4319	823
4320	825
4321	802
4322	799
4323	678
4324	438
4325	189
4326	138
4327	215
4328	335
4329	436
4330	505
4331	612
4332	670
4333	587
4334	548
4335	504
4336	485
4337	543
4338	590
4339	668
4340	684
4341	670
4342	652
4343	566
4344	414
4345	280
4346	210
4347	156
4348	81
4349	84
4350	300
4351	554
4352	719
4353	922
4354	752
4355	683
4356	613
4357	615
4358	758
4359	695
4360	825
4361	918
4362	1222
4363	1321
4364	909
4365	985
4366	864
4367	670
4368	497
4369	284
4370	179
4371	101
4372	97
4373	144
4374	317
4375	581
4376	838
4377	804
4378	794
4379	683
4380	734
4381	757
4382	722
4383	685
4384	747
4385	916
4386	1139
4387	1345
4388	1165
4389	1089
4390	1018
4391	787
4392	584
4393	414
4394	277
4395	161
4396	124
4397	140
4398	290
4399	558
4400	784
4401	767
4402	693
4403	670
4404	738
4405	758
4406	842
4407	682
4408	698
4409	837
4410	1149
4411	1257
4412	788
4413	819
4414	802
4415	775
4416	660
4417	593
4418	438
4419	336
4420	251
4421	156
4422	135
4423	207
4424	265
4425	323
4426	385
4427	432
4428	462
4429	499
4430	516
4431	498
4432	454
4433	507
4434	501
4435	506
4436	524
4437	465
4438	522
4439	616
4440	593
4441	495
4442	346
4443	231
4444	160
4445	96
4446	159
4447	300
4448	361
4449	425
4450	405
4451	450
4452	442
4453	494
4454	529
4455	534
4456	686
4457	714
4458	803
4459	747
4460	535
4461	529
4462	538
4463	537
4464	508
4465	474
4466	397
4467	290
4468	206
4469	97
4470	100
4471	143
4472	222
4473	316
4474	418
4475	452
4476	461
4477	533
4478	474
4479	475
4480	445
4481	536
4482	591
4483	594
4484	530
4485	594
4486	619
4487	660
4488	586
4489	549
4490	519
4491	373
4492	253
4493	117
4494	110
4495	145
4496	227
4497	303
4498	375
4499	485
4500	561
4501	565
4502	577
4503	614
4504	597
4505	613
4506	635
4507	653
4508	548
4509	552
4510	551
4511	454
4512	372
4513	206
4514	145
4515	79
4516	106
4517	151
4518	315
4519	588
4520	742
4521	758
4522	668
4523	612
4524	677
4525	661
4526	722
4527	736
4528	837
4529	995
4530	1195
4531	1272
4532	1013
4533	957
4534	857
4535	645
4536	465
4537	311
4538	162
4539	133
4540	102
4541	159
4542	353
4543	652
4544	889
4545	876
4546	751
4547	762
4548	763
4549	784
4550	777
4551	778
4552	854
4553	999
4554	1248
4555	1470
4556	1261
4557	1216
4558	1066
4559	922
4560	662
4561	472
4562	270
4563	168
4564	114
4565	171
4566	368
4567	793
4568	887
4569	953
4570	828
4571	813
4572	821
4573	828
4574	826
4575	757
4576	851
4577	950
4578	1255
4579	1405
4580	1101
4581	1217
4582	1210
4583	998
4584	762
4585	500
4586	325
4587	197
4588	183
4589	211
4590	397
4591	770
4592	1060
4593	1002
4594	858
4595	797
4596	829
4597	772
4598	822
4599	750
4600	931
4601	1001
4602	1447
4603	1458
4604	1122
4605	1226
4606	1200
4607	1153
4608	967
4609	650
4610	445
4611	307
4612	207
4613	207
4614	369
4615	706
4616	862
4617	880
4618	697
4619	685
4620	777
4621	779
4622	785
4623	698
4624	688
4625	885
4626	1289
4627	1409
4628	1190
4629	1067
4630	1005
4631	1051
4632	945
4633	849
4634	723
4635	498
4636	346
4637	168
4638	189
4639	278
4640	370
4641	498
4642	529
4643	616
4644	645
4645	595
4646	593
4647	626
4648	590
4649	661
4650	698
4651	770
4652	691
4653	785
4654	827
4655	852
4656	861
4657	890
4658	713
4659	601
4660	458
4661	180
4662	130
4663	192
4664	278
4665	399
4666	465
4667	638
4668	693
4669	631
4670	657
4671	597
4672	608
4673	670
4674	693
4675	711
4676	596
4677	679
4678	649
4679	562
4680	378
4681	281
4682	171
4683	114
4684	114
4685	213
4686	388
4687	643
4688	758
4689	841
4690	780
4691	726
4692	784
4693	829
4694	865
4695	795
4696	887
4697	1037
4698	1325
4699	1431
4700	1056
4701	1131
4702	995
4703	789
4704	524
4705	317
4706	236
4707	143
4708	122
4709	164
4710	364
4711	716
4712	926
4713	878
4714	843
4715	814
4716	771
4717	784
4718	835
4719	812
4720	989
4721	1154
4722	1397
4723	1582
4724	1108
4725	1296
4726	1157
4727	932
4728	709
4729	403
4730	256
4731	172
4732	162
4733	198
4734	412
4735	861
4736	949
4737	949
4738	925
4739	913
4740	951
4741	867
4742	919
4743	836
4744	978
4745	1126
4746	1452
4747	1567
4748	1155
4749	1330
4750	1268
4751	1074
4752	732
4753	453
4754	311
4755	183
4756	168
4757	193
4758	401
4759	878
4760	1122
4761	983
4762	911
4763	948
4764	918
4765	937
4766	942
4767	911
4768	962
4769	1113
4770	1439
4771	1552
4772	1155
4773	1370
4774	1323
4775	1232
4776	1025
4777	728
4778	458
4779	340
4780	189
4781	225
4782	394
4783	789
4784	974
4785	951
4786	830
4787	853
4788	893
4789	851
4790	934
4791	799
4792	806
4793	1088
4794	1267
4795	1323
4796	980
4797	1055
4798	1088
4799	993
4800	1055
4801	899
4802	726
4803	570
4804	360
4805	174
4806	179
4807	250
4808	327
4809	468
4810	509
4811	715
4812	748
4813	688
4814	641
4815	633
4816	661
4817	736
4818	794
4819	796
4820	769
4821	824
4822	763
4823	787
4824	861
4825	804
4826	709
4827	591
4828	416
4829	165
4830	152
4831	178
4832	286
4833	355
4834	425
4835	562
4836	614
4837	609
4838	595
4839	585
4840	570
4841	612
4842	639
4843	637
4844	555
4845	619
4846	569
4847	506
4848	303
4849	239
4850	156
4851	112
4852	126
4853	177
4854	384
4855	660
4856	766
4857	815
4858	737
4859	702
4860	785
4861	732
4862	745
4863	708
4864	829
4865	1077
4866	1258
4867	1324
4868	1047
4869	1246
4870	1068
4871	709
4872	551
4873	334
4874	217
4875	131
4876	123
4877	143
4878	373
4879	731
4880	932
4881	921
4882	764
4883	750
4884	769
4885	751
4886	802
4887	786
4888	860
4889	1093
4890	1349
4891	1417
4892	1093
4893	1314
4894	1142
4895	986
4896	666
4897	446
4898	277
4899	169
4900	135
4901	184
4902	376
4903	846
4904	998
4905	953
4906	861
4907	762
4908	871
4909	792
4910	822
4911	797
4912	854
4913	1015
4914	1293
4915	1376
4916	1117
4917	1220
4918	1117
4919	1007
4920	713
4921	455
4922	292
4923	199
4924	181
4925	167
4926	404
4927	745
4928	947
4929	931
4930	790
4931	751
4932	777
4933	746
4934	835
4935	759
4936	780
4937	959
4938	1304
4939	1395
4940	1123
4941	1315
4942	1263
4943	1198
4944	987
4945	705
4946	472
4947	297
4948	219
4949	204
4950	394
4951	688
4952	844
4953	769
4954	748
4955	702
4956	732
4957	723
4958	757
4959	695
4960	692
4961	863
4962	1067
4963	1182
4964	964
4965	920
4966	952
4967	938
4968	976
4969	904
4970	688
4971	545
4972	376
4973	165
4974	205
4975	285
4976	350
4977	412
4978	549
4979	578
4980	622
4981	536
4982	541
4983	548
4984	521
4985	611
4986	657
4987	676
4988	670
4989	625
4990	705
4991	778
4992	772
4993	771
4994	686
4995	566
4996	359
4997	172
4998	135
4999	191
5000	254
5001	353
5002	447
5003	526
5004	613
5005	602
5006	511
5007	504
5008	499
5009	554
5010	710
5011	779
5012	642
5013	597
5014	600
5015	584
5016	350
5017	241
5018	177
5019	97
5020	125
5021	195
5022	344
5023	589
5024	713
5025	714
5026	661
5027	653
5028	617
5029	629
5030	675
5031	675
5032	725
5033	1029
5034	1183
5035	1210
5036	891
5037	990
5038	916
5039	698
5040	487
5041	328
5042	172
5043	151
5044	110
5045	178
5046	359
5047	697
5048	812
5049	790
5050	715
5051	701
5052	714
5053	732
5054	717
5055	709
5056	889
5057	1018
5058	1245
5059	1426
5060	1128
5061	1157
5062	1088
5063	906
5064	582
5065	371
5066	271
5067	159
5068	140
5069	174
5070	359
5071	775
5072	921
5073	818
5074	796
5075	718
5076	737
5077	762
5078	723
5079	709
5080	739
5081	944
5082	1220
5083	1298
5084	1099
5085	1219
5086	1096
5087	1036
5088	781
5089	525
5090	334
5091	166
5092	155
5093	210
5094	385
5095	753
5096	963
5097	913
5098	465
5099	422
5100	421
5101	425
5102	422
5103	415
5104	388
5105	541
5106	634
5107	953
5108	624
5109	641
5110	672
5111	610
5112	502
5113	327
5114	255
5115	151
5116	116
5117	117
5118	186
5119	332
5120	445
5121	360
5122	342
5123	307
5124	359
5125	396
5126	384
5127	356
5128	385
5129	496
5130	634
5131	746
5132	540
5133	496
5134	532
5135	530
5136	550
5137	500
5138	432
5139	332
5140	198
5141	91
5142	100
5143	138
5144	171
5145	244
5146	240
5147	271
5148	282
5149	284
5150	274
5151	286
5152	280
5153	317
5154	339
5155	333
5156	377
5157	349
5158	376
5159	450
5160	400
5161	439
5162	391
5163	298
5164	238
5165	102
5166	76
5167	97
5168	145
5169	181
5170	245
5171	270
5172	288
5173	273
5174	289
5175	280
5176	272
5177	310
5178	305
5179	316
5180	339
5181	363
5182	338
5183	269
5184	362
5185	201
5186	165
5187	121
5188	113
5189	207
5190	370
5191	611
5192	776
5193	832
5194	675
5195	624
5196	676
5197	625
5198	662
5199	695
5200	760
5201	1009
5202	1220
5203	1297
5204	1009
5205	1053
5206	876
5207	726
5208	555
5209	312
5210	197
5211	141
5212	91
5213	178
5214	353
5215	682
5216	888
5217	779
5218	782
5219	720
5220	720
5221	796
5222	758
5223	801
5224	933
5225	1080
5226	1365
5227	1392
5228	1117
5229	1203
5230	1099
5231	884
5232	619
5233	401
5234	255
5235	161
5236	140
5237	172
5238	417
5239	722
5240	967
5241	871
5242	694
5243	752
5244	797
5245	753
5246	834
5247	788
5248	911
5249	1196
5250	1326
5251	1483
5252	1133
5253	1252
5254	1178
5255	962
5256	723
5257	498
5258	335
5259	196
5260	147
5261	211
5262	359
5263	661
5264	905
5265	865
5266	869
5267	797
5268	824
5269	789
5270	828
5271	825
5272	839
5273	997
5274	1355
5275	1256
5276	1113
5277	1151
5278	1107
5279	1104
5280	945
5281	711
5282	467
5283	287
5284	200
5285	180
5286	424
5287	632
5288	877
5289	840
5290	782
5291	760
5292	742
5293	740
5294	779
5295	682
5296	818
5297	1076
5298	1200
5299	979
5300	1008
5301	946
5302	977
5303	917
5304	931
5305	874
5306	745
5307	567
5308	362
5309	167
5310	179
5311	237
5312	310
5313	460
5314	493
5315	595
5316	641
5317	590
5318	556
5319	549
5320	511
5321	579
5322	627
5323	699
5324	684
5325	670
5326	733
5327	795
5328	400
5329	401
5330	339
5331	274
5332	183
5333	90
5334	78
5335	64
5336	98
5337	149
5338	226
5339	262
5340	249
5341	225
5342	236
5343	244
5344	244
5345	268
5346	333
5347	332
5348	254
5349	305
5350	257
5351	181
5352	324
5353	220
5354	143
5355	104
5356	118
5357	135
5358	348
5359	643
5360	714
5361	743
5362	667
5363	645
5364	608
5365	625
5366	649
5367	659
5368	842
5369	989
5370	1150
5371	1184
5372	913
5373	955
5374	855
5375	649
5376	429
5377	294
5378	174
5379	128
5380	91
5381	146
5382	363
5383	785
5384	1002
5385	985
5386	918
5387	855
5388	799
5389	678
5390	717
5391	709
5392	794
5393	1034
5394	1316
5395	1312
5396	1153
5397	1088
5398	1138
5399	858
5400	606
5401	414
5402	243
5403	175
5404	123
5405	174
5406	340
5407	660
5408	871
5409	875
5410	818
5411	761
5412	704
5413	728
5414	736
5415	725
5416	895
5417	1041
5418	1266
5419	1365
5420	1136
5421	1158
5422	1181
5423	965
5424	734
5425	500
5426	267
5427	196
5428	154
5429	188
5430	347
5431	718
5432	924
5433	857
5434	841
5435	736
5436	753
5437	800
5438	771
5439	742
5440	881
5441	999
5442	1190
5443	1407
5444	1083
5445	1165
5446	1233
5447	1100
5448	884
5449	645
5450	437
5451	289
5452	230
5453	196
5454	373
5455	549
5456	821
5457	813
5458	681
5459	681
5460	689
5461	620
5462	681
5463	652
5464	629
5465	751
5466	1007
5467	1157
5468	930
5469	949
5470	994
5471	905
5472	908
5473	890
5474	774
5475	587
5476	368
5477	172
5478	189
5479	259
5480	319
5481	462
5482	502
5483	555
5484	553
5485	564
5486	556
5487	551
5488	523
5489	611
5490	643
5491	692
5492	655
5493	654
5494	689
5495	736
5496	747
5497	776
5498	729
5499	617
5500	361
5501	160
5502	145
5503	193
5504	284
5505	348
5506	434
5507	495
5508	550
5509	532
5510	540
5511	558
5512	586
5513	586
5514	605
5515	606
5516	578
5517	570
5518	563
5519	427
5520	329
5521	195
5522	128
5523	106
5524	123
5525	170
5526	328
5527	608
5528	748
5529	757
5530	661
5531	583
5532	637
5533	647
5534	700
5535	695
5536	835
5537	992
5538	1177
5539	1265
5540	947
5541	981
5542	827
5543	671
5544	433
5545	281
5546	194
5547	139
5548	108
5549	163
5550	293
5551	599
5552	855
5553	851
5554	726
5555	701
5556	778
5557	743
5558	767
5559	733
5560	841
5561	959
5562	1296
5563	1386
5564	1137
5565	1159
5566	1012
5567	812
5568	626
5569	381
5570	241
5571	149
5572	155
5573	158
5574	343
5575	684
5576	958
5577	896
5578	787
5579	789
5580	753
5581	816
5582	794
5583	780
5584	872
5585	976
5586	1246
5587	1379
5588	1106
5589	1163
5590	1098
5591	955
5592	679
5593	475
5594	286
5595	206
5596	156
5597	160
5598	370
5599	739
5600	987
5601	1049
5602	775
5603	705
5604	776
5605	911
5606	876
5607	718
5608	796
5609	890
5610	1267
5611	1336
5612	1205
5613	1193
5614	1139
5615	1140
5616	869
5617	611
5618	419
5619	264
5620	206
5621	229
5622	373
5623	594
5624	759
5625	745
5626	670
5627	719
5628	715
5629	700
5630	730
5631	705
5632	808
5633	930
5634	1148
5635	1199
5636	985
5637	942
5638	912
5639	915
5640	928
5641	860
5642	767
5643	593
5644	408
5645	182
5646	182
5647	246
5648	330
5649	405
5650	544
5651	570
5652	605
5653	582
5654	570
5655	533
5656	574
5657	644
5658	721
5659	734
5660	765
5661	671
5662	785
5663	805
5664	833
5665	777
5666	708
5667	617
5668	423
5669	167
5670	160
5671	187
5672	224
5673	367
5674	470
5675	568
5676	540
5677	582
5678	586
5679	574
5680	561
5681	591
5682	587
5683	631
5684	632
5685	613
5686	526
5687	494
5688	376
5689	247
5690	193
5691	169
5692	153
5693	181
5694	310
5695	540
5696	704
5697	693
5698	618
5699	595
5700	650
5701	627
5702	661
5703	721
5704	830
5705	1003
5706	1178
5707	1234
5708	910
5709	956
5710	909
5711	694
5712	439
5713	294
5714	184
5715	122
5716	107
5717	162
5718	307
5719	577
5720	802
5721	821
5722	715
5723	655
5724	678
5725	728
5726	747
5727	685
5728	925
5729	949
5730	1308
5731	1367
5732	1076
5733	1047
5734	1044
5735	830
5736	544
5737	374
5738	249
5739	176
5740	121
5741	170
5742	308
5743	610
5744	877
5745	901
5746	740
5747	774
5748	992
5749	841
5750	707
5751	783
5752	806
5753	949
5754	1233
5755	1338
5756	1150
5757	1117
5758	1116
5759	973
5760	655
5761	451
5762	278
5763	183
5764	173
5765	156
5766	353
5767	654
5768	978
5769	868
5770	787
5771	722
5772	745
5773	667
5774	774
5775	784
5776	846
5777	969
5778	1210
5779	1280
5780	1055
5781	1113
5782	1065
5783	1077
5784	874
5785	644
5786	427
5787	297
5788	212
5789	228
5790	325
5791	538
5792	700
5793	759
5794	647
5795	700
5796	713
5797	687
5798	760
5799	716
5800	844
5801	976
5802	1140
5803	1121
5804	861
5805	809
5806	845
5807	808
5808	830
5809	771
5810	614
5811	482
5812	340
5813	171
5814	178
5815	243
5816	298
5817	435
5818	489
5819	588
5820	608
5821	606
5822	563
5823	570
5824	552
5825	674
5826	653
5827	688
5828	678
5829	663
5830	639
5831	713
5832	728
5833	528
5834	540
5835	437
5836	353
5837	120
5838	125
5839	155
5840	205
5841	320
5842	418
5843	445
5844	507
5845	493
5846	515
5847	500
5848	501
5849	530
5850	532
5851	573
5852	590
5853	575
5854	564
5855	551
5856	545
5857	468
5858	377
5859	298
5860	221
5861	133
5862	123
5863	144
5864	223
5865	290
5866	433
5867	469
5868	534
5869	564
5870	573
5871	565
5872	495
5873	538
5874	591
5875	582
5876	602
5877	523
5878	529
5879	428
5880	316
5881	219
5882	150
5883	86
5884	99
5885	150
5886	312
5887	555
5888	719
5889	783
5890	667
5891	619
5892	635
5893	649
5894	672
5895	684
5896	774
5897	951
5898	1203
5899	1273
5900	979
5901	1009
5902	868
5903	688
5904	509
5905	329
5906	247
5907	162
5908	116
5909	143
5910	352
5911	678
5912	842
5913	840
5914	792
5915	754
5916	785
5917	767
5918	768
5919	798
5920	788
5921	1032
5922	1278
5923	1367
5924	1032
5925	1081
5926	998
5927	819
5928	607
5929	370
5930	275
5931	176
5932	131
5933	154
5934	342
5935	602
5936	865
5937	939
5938	824
5939	796
5940	748
5941	815
5942	842
5943	808
5944	866
5945	1118
5946	1334
5947	1384
5948	1108
5949	1080
5950	1108
5951	1019
5952	852
5953	622
5954	351
5955	294
5956	178
5957	180
5958	329
5959	635
5960	848
5961	808
5962	726
5963	656
5964	780
5965	740
5966	754
5967	815
5968	855
5969	1004
5970	1300
5971	1405
5972	1054
5973	1038
5974	1006
5975	990
5976	1039
5977	978
5978	749
5979	603
5980	406
5981	188
5982	177
5983	280
5984	399
5985	490
5986	596
5987	638
5988	690
5989	672
5990	622
5991	617
5992	595
5993	663
5994	816
5995	865
5996	860
5997	754
5998	856
5999	879
6000	941
6001	930
6002	832
6003	664
6004	384
6005	154
6006	139
6007	190
6008	299
6009	446
6010	574
6011	642
6012	731
6013	689
6014	617
6015	584
6016	626
6017	675
6018	759
6019	723
6020	716
6021	635
6022	643
6023	510
6024	399
6025	233
6026	176
6027	112
6028	139
6029	179
6030	367
6031	629
6032	819
6033	791
6034	721
6035	695
6036	810
6037	712
6038	818
6039	771
6040	907
6041	1133
6042	1401
6043	1422
6044	1122
6045	1114
6046	944
6047	727
6048	537
6049	351
6050	259
6051	162
6052	141
6053	197
6054	390
6055	773
6056	953
6057	892
6058	813
6059	811
6060	857
6061	874
6062	878
6063	918
6064	935
6065	1068
6066	1395
6067	1557
6068	1259
6069	1267
6070	1201
6071	992
6072	662
6073	437
6074	333
6075	191
6076	144
6077	181
6078	411
6079	860
6080	996
6081	987
6082	886
6083	856
6084	924
6085	965
6086	1077
6087	946
6088	966
6089	1083
6090	1388
6091	1596
6092	1309
6093	1322
6094	1286
6095	1041
6096	729
6097	427
6098	346
6099	224
6100	171
6101	217
6102	450
6103	876
6104	1095
6105	1002
6106	918
6107	881
6108	944
6109	1057
6110	819
6111	795
6112	871
6113	1077
6114	1489
6115	2105
6116	1541
6117	1296
6118	1264
6119	1255
6120	992
6121	630
6122	424
6123	321
6124	230
6125	232
6126	405
6127	796
6128	957
6129	931
6130	899
6131	850
6132	849
6133	770
6134	807
6135	807
6136	795
6137	1076
6138	1394
6139	1404
6140	1109
6141	1172
6142	1092
6143	1053
6144	935
6145	899
6146	836
6147	648
6148	381
6149	143
6150	188
6151	228
6152	364
6153	506
6154	582
6155	606
6156	643
6157	673
6158	589
6159	638
6160	563
6161	659
6162	827
6163	919
6164	917
6165	867
6166	856
6167	850
6168	901
6169	916
6170	853
6171	705
6172	425
6173	161
6174	180
6175	192
6176	299
6177	442
6178	558
6179	697
6180	712
6181	700
6182	650
6183	649
6184	597
6185	611
6186	657
6187	717
6188	727
6189	600
6190	626
6191	508
6192	351
6193	212
6194	174
6195	104
6196	133
6197	211
6198	355
6199	676
6200	906
6201	843
6202	695
6203	748
6204	708
6205	763
6206	774
6207	743
6208	928
6209	1091
6210	1399
6211	1387
6212	1155
6213	1099
6214	989
6215	766
6216	523
6217	315
6218	207
6219	134
6220	102
6221	181
6222	431
6223	779
6224	960
6225	862
6226	788
6227	827
6228	848
6229	773
6230	836
6231	858
6232	881
6233	1063
6234	1321
6235	1491
6236	1261
6237	1291
6238	1234
6239	921
6240	634
6241	399
6242	265
6243	168
6244	150
6245	228
6246	419
6247	871
6248	1021
6249	922
6250	858
6251	851
6252	846
6253	805
6254	869
6255	868
6256	913
6257	1055
6258	1381
6259	1500
6260	1302
6261	1422
6262	1230
6263	1046
6264	703
6265	448
6266	297
6267	182
6268	159
6269	211
6270	394
6271	782
6272	1086
6273	1010
6274	872
6275	771
6276	838
6277	824
6278	914
6279	907
6280	965
6281	1133
6282	1433
6283	1618
6284	1339
6285	1365
6286	1319
6287	1241
6288	979
6289	677
6290	443
6291	275
6292	235
6293	234
6294	375
6295	752
6296	950
6297	909
6298	800
6299	759
6300	807
6301	721
6302	795
6303	798
6304	913
6305	1064
6306	1267
6307	1407
6308	1147
6309	1033
6310	1110
6311	1003
6312	1077
6313	870
6314	773
6315	618
6316	422
6317	191
6318	191
6319	288
6320	431
6321	554
6322	649
6323	700
6324	738
6325	699
6326	640
6327	680
6328	558
6329	682
6330	876
6331	856
6332	788
6333	820
6334	953
6335	1041
6336	1134
6337	1082
6338	934
6339	639
6340	382
6341	157
6342	177
6343	193
6344	310
6345	460
6346	582
6347	655
6348	694
6349	674
6350	612
6351	633
6352	594
6353	643
6354	723
6355	739
6356	814
6357	734
6358	695
6359	585
6360	339
6361	207
6362	128
6363	92
6364	140
6365	254
6366	410
6367	641
6368	816
6369	660
6370	642
6371	655
6372	706
6373	610
6374	650
6375	686
6376	806
6377	1012
6378	1317
6379	1323
6380	1215
6381	1211
6382	974
6383	780
6384	530
6385	287
6386	216
6387	124
6388	135
6389	208
6390	452
6391	736
6392	884
6393	774
6394	769
6395	705
6396	772
6397	766
6398	794
6399	707
6400	773
6401	1019
6402	1290
6403	1424
6404	1253
6405	1216
6406	1230
6407	974
6408	639
6409	398
6410	251
6411	163
6412	144
6413	212
6414	433
6415	772
6416	969
6417	884
6418	721
6419	809
6420	808
6421	785
6422	846
6423	854
6424	905
6425	1066
6426	1358
6427	1463
6428	1240
6429	1309
6430	1231
6431	1051
6432	725
6433	467
6434	304
6435	203
6436	161
6437	224
6438	432
6439	794
6440	963
6441	866
6442	749
6443	804
6444	829
6445	769
6446	885
6447	825
6448	962
6449	1186
6450	1375
6451	1470
6452	1294
6453	1272
6454	1325
6455	1188
6456	956
6457	596
6458	443
6459	282
6460	236
6461	253
6462	424
6463	728
6464	918
6465	831
6466	770
6467	773
6468	761
6469	712
6470	793
6471	737
6472	805
6473	1020
6474	1229
6475	1364
6476	1080
6477	1115
6478	1096
6479	1096
6480	1012
6481	924
6482	834
6483	606
6484	429
6485	195
6486	192
6487	323
6488	462
6489	554
6490	643
6491	676
6492	643
6493	703
6494	700
6495	691
6496	605
6497	675
6498	788
6499	804
6500	810
6501	781
6502	868
6503	898
6504	930
6505	844
6506	827
6507	670
6508	439
6509	216
6510	192
6511	218
6512	329
6513	451
6514	551
6515	635
6516	710
6517	674
6518	668
6519	653
6520	637
6521	657
6522	740
6523	764
6524	728
6525	679
6526	652
6527	539
6528	320
6529	155
6530	147
6531	105
6532	113
6533	210
6534	386
6535	647
6536	774
6537	727
6538	708
6539	637
6540	700
6541	707
6542	750
6543	736
6544	891
6545	1100
6546	1371
6547	1444
6548	1171
6549	1058
6550	954
6551	755
6552	466
6553	303
6554	185
6555	129
6556	120
6557	188
6558	351
6559	799
6560	887
6561	846
6562	767
6563	750
6564	757
6565	752
6566	819
6567	816
6568	954
6569	1069
6570	1312
6571	1566
6572	1274
6573	1213
6574	1181
6575	851
6576	591
6577	392
6578	218
6579	168
6580	136
6581	174
6582	371
6583	847
6584	979
6585	946
6586	812
6587	827
6588	824
6589	793
6590	897
6591	849
6592	996
6593	1093
6594	1427
6595	1522
6596	1273
6597	1308
6598	1219
6599	1032
6600	657
6601	421
6602	284
6603	156
6604	151
6605	228
6606	425
6607	786
6608	1006
6609	963
6610	833
6611	849
6612	865
6613	877
6614	895
6615	849
6616	900
6617	1080
6618	1349
6619	1479
6620	1259
6621	1331
6622	1261
6623	1239
6624	881
6625	591
6626	389
6627	283
6628	216
6629	222
6630	395
6631	789
6632	956
6633	940
6634	812
6635	801
6636	771
6637	809
6638	830
6639	752
6640	819
6641	1012
6642	1321
6643	1402
6644	1141
6645	1112
6646	1097
6647	1061
6648	1062
6649	891
6650	810
6651	580
6652	335
6653	189
6654	171
6655	252
6656	438
6657	575
6658	615
6659	664
6660	685
6661	702
6662	649
6663	675
6664	632
6665	769
6666	861
6667	930
6668	821
6669	850
6670	904
6671	945
6672	959
6673	880
6674	829
6675	656
6676	390
6677	154
6678	178
6679	233
6680	384
6681	441
6682	606
6683	681
6684	692
6685	697
6686	650
6687	610
6688	582
6689	709
6690	767
6691	672
6692	702
6693	627
6694	553
6695	488
6696	333
6697	202
6698	131
6699	114
6700	134
6701	206
6702	369
6703	688
6704	822
6705	751
6706	707
6707	736
6708	787
6709	694
6710	712
6711	811
6712	997
6713	1024
6714	1297
6715	1360
6716	1126
6717	1068
6718	922
6719	697
6720	480
6721	290
6722	187
6723	129
6724	107
6725	177
6726	380
6727	782
6728	861
6729	863
6730	772
6731	740
6732	784
6733	781
6734	817
6735	772
6736	963
6737	1158
6738	1348
6739	1441
6740	1203
6741	1321
6742	1177
6743	918
6744	630
6745	424
6746	262
6747	167
6748	136
6749	200
6750	443
6751	812
6752	991
6753	890
6754	827
6755	744
6756	822
6757	817
6758	866
6759	839
6760	995
6761	1103
6762	1371
6763	1513
6764	1298
6765	1326
6766	1243
6767	1188
6768	722
6769	451
6770	272
6771	153
6772	156
6773	243
6774	428
6775	895
6776	1031
6777	932
6778	829
6779	860
6780	866
6781	814
6782	879
6783	839
6784	928
6785	1190
6786	1389
6787	1462
6788	1306
6789	1399
6790	1347
6791	1282
6792	945
6793	585
6794	438
6795	276
6796	245
6797	270
6798	396
6799	765
6800	979
6801	892
6802	821
6803	823
6804	819
6805	783
6806	811
6807	796
6808	790
6809	963
6810	1158
6811	1315
6812	1056
6813	1060
6814	1036
6815	1118
6816	1132
6817	902
6818	765
6819	668
6820	417
6821	212
6822	204
6823	315
6824	474
6825	645
6826	672
6827	678
6828	750
6829	700
6830	688
6831	682
6832	602
6833	664
6834	768
6835	830
6836	890
6837	827
6838	939
6839	933
6840	961
6841	947
6842	847
6843	717
6844	459
6845	180
6846	186
6847	216
6848	342
6849	493
6850	624
6851	682
6852	692
6853	681
6854	660
6855	593
6856	608
6857	626
6858	694
6859	737
6860	736
6861	733
6862	669
6863	632
6864	436
6865	285
6866	220
6867	178
6868	142
6869	178
6870	316
6871	501
6872	622
6873	732
6874	607
6875	622
6876	599
6877	644
6878	641
6879	701
6880	686
6881	755
6882	961
6883	933
6884	1017
6885	982
6886	886
6887	639
6888	474
6889	288
6890	166
6891	123
6892	126
6893	211
6894	412
6895	682
6896	799
6897	816
6898	731
6899	782
6900	813
6901	770
6902	792
6903	768
6904	912
6905	1167
6906	1342
6907	1466
6908	1277
6909	1234
6910	1104
6911	894
6912	612
6913	359
6914	220
6915	166
6916	141
6917	187
6918	392
6919	767
6920	940
6921	926
6922	861
6923	836
6924	822
6925	796
6926	885
6927	821
6928	949
6929	1140
6930	1343
6931	1440
6932	1322
6933	1348
6934	1275
6935	1077
6936	689
6937	446
6938	294
6939	167
6940	178
6941	200
6942	392
6943	837
6944	1056
6945	1070
6946	885
6947	846
6948	810
6949	849
6950	881
6951	848
6952	987
6953	1219
6954	1451
6955	1550
6956	1308
6957	1318
6958	1261
6959	1209
6960	893
6961	629
6962	427
6963	280
6964	236
6965	260
6966	398
6967	754
6968	913
6969	849
6970	802
6971	804
6972	799
6973	735
6974	838
6975	809
6976	884
6977	1040
6978	1301
6979	1399
6980	1190
6981	1190
6982	1106
6983	1168
6984	1073
6985	963
6986	797
6987	620
6988	409
6989	204
6990	212
6991	348
6992	534
6993	646
6994	650
6995	696
6996	767
6997	727
6998	673
6999	682
7000	728
7001	764
7002	870
7003	959
7004	856
7005	872
7006	898
7007	1024
7008	1036
7009	941
7010	834
7011	714
7012	453
7013	188
7014	186
7015	277
7016	379
7017	477
7018	624
7019	715
7020	772
7021	738
7022	685
7023	686
7024	647
7025	739
7026	743
7027	696
7028	826
7029	677
7030	625
7031	514
7032	373
7033	205
7034	135
7035	121
7036	124
7037	243
7038	380
7039	681
7040	774
7041	849
7042	728
7043	712
7044	800
7045	810
7046	785
7047	784
7048	959
7049	1173
7050	1403
7051	1453
7052	1173
7053	1106
7054	938
7055	673
7056	510
7057	293
7058	195
7059	117
7060	131
7061	184
7062	376
7063	781
7064	877
7065	886
7066	769
7067	819
7068	782
7069	829
7070	921
7071	772
7072	943
7073	1279
7074	1550
7075	1737
7076	1314
7077	1405
7078	1260
7079	935
7080	552
7081	399
7082	234
7083	160
7084	146
7085	204
7086	420
7087	807
7088	1029
7089	913
7090	868
7091	858
7092	940
7093	840
7094	899
7095	872
7096	1023
7097	1245
7098	1456
7099	1708
7100	1371
7101	1432
7102	1355
7103	1107
7104	654
7105	450
7106	308
7107	180
7108	157
7109	243
7110	481
7111	876
7112	1079
7113	971
7114	897
7115	803
7116	842
7117	863
7118	892
7119	906
7120	959
7121	1227
7122	1547
7123	1554
7124	1355
7125	1433
7126	1398
7127	1314
7128	984
7129	646
7130	475
7131	264
7132	230
7133	264
7134	428
7135	783
7136	950
7137	941
7138	866
7139	858
7140	833
7141	835
7142	885
7143	876
7144	911
7145	1103
7146	1367
7147	1507
7148	1150
7149	1162
7150	1168
7151	1217
7152	1117
7153	1001
7154	836
7155	611
7156	398
7157	181
7158	210
7159	297
7160	515
7161	605
7162	712
7163	747
7164	755
7165	752
7166	726
7167	711
7168	589
7169	703
7170	828
7171	957
7172	906
7173	897
7174	967
7175	929
7176	997
7177	1023
7178	955
7179	796
7180	524
7181	229
7182	164
7183	278
7184	367
7185	477
7186	619
7187	698
7188	787
7189	733
7190	677
7191	679
7192	588
7193	710
7194	744
7195	769
7196	788
7197	748
7198	581
7199	538
7200	318
7201	199
7202	148
7203	116
7204	150
7205	220
7206	386
7207	691
7208	824
7209	834
7210	772
7211	717
7212	753
7213	713
7214	767
7215	813
7216	979
7217	1140
7218	1373
7219	1409
7220	1193
7221	1174
7222	899
7223	804
7224	457
7225	296
7226	210
7227	136
7228	134
7229	161
7230	403
7231	767
7232	950
7233	898
7234	750
7235	814
7236	786
7237	787
7238	859
7239	866
7240	977
7241	1178
7242	1516
7243	1487
7244	1283
7245	1309
7246	1249
7247	978
7248	598
7249	426
7250	262
7251	167
7252	144
7253	192
7254	402
7255	802
7256	1026
7257	953
7258	850
7259	776
7260	876
7261	824
7262	841
7263	914
7264	992
7265	1089
7266	1319
7267	1490
7268	1271
7269	1320
7270	1217
7271	1129
7272	753
7273	529
7274	321
7275	205
7276	175
7277	226
7278	390
7279	743
7280	931
7281	949
7282	769
7283	818
7284	926
7285	952
7286	850
7287	800
7288	894
7289	1122
7290	1264
7291	1441
7292	1136
7293	1077
7294	1132
7295	1059
7296	1058
7297	950
7298	802
7299	596
7300	413
7301	268
7302	427
7303	729
7304	979
7305	956
7306	819
7307	727
7308	732
7309	746
7310	825
7311	713
7312	812
7313	943
7314	1099
7315	1311
7316	1093
7317	1099
7318	1130
7319	1059
7320	988
7321	951
7322	798
7323	649
7324	370
7325	177
7326	192
7327	311
7328	446
7329	620
7330	680
7331	740
7332	768
7333	725
7334	704
7335	754
7336	654
7337	686
7338	867
7339	932
7340	925
7341	903
7342	904
7343	982
7344	1022
7345	1721
7346	769
7347	539
7348	340
7349	259
7350	251
7351	249
7352	338
7353	487
7354	634
7355	733
7356	774
7357	747
7358	731
7359	769
7360	761
7361	724
7362	916
7363	932
7364	986
7365	810
7366	760
7367	475
7368	353
7369	180
7370	139
7371	111
7372	139
7373	267
7374	457
7375	731
7376	851
7377	856
7378	781
7379	728
7380	793
7381	802
7382	814
7383	864
7384	1065
7385	1148
7386	1420
7387	1543
7388	1207
7389	1246
7390	1047
7391	777
7392	503
7393	305
7394	193
7395	144
7396	114
7397	182
7398	434
7399	826
7400	948
7401	892
7402	819
7403	778
7404	820
7405	760
7406	890
7407	903
7408	796
7409	979
7410	1182
7411	1229
7412	1377
7413	1376
7414	1204
7415	916
7416	632
7417	407
7418	228
7419	139
7420	154
7421	220
7422	435
7423	878
7424	1050
7425	965
7426	872
7427	829
7428	862
7429	814
7430	917
7431	879
7432	1010
7433	1183
7434	1446
7435	1609
7436	1315
7437	1383
7438	1192
7439	1043
7440	775
7441	471
7442	323
7443	195
7444	160
7445	220
7446	441
7447	888
7448	1063
7449	1002
7450	1004
7451	946
7452	839
7453	892
7454	950
7455	819
7456	909
7457	1091
7458	1508
7459	1612
7460	1387
7461	1368
7462	1336
7463	1205
7464	980
7465	618
7466	455
7467	267
7468	236
7469	214
7470	437
7471	807
7472	971
7473	904
7474	859
7475	781
7476	810
7477	829
7478	879
7479	827
7480	848
7481	1017
7482	1355
7483	1486
7484	1197
7485	1236
7486	1147
7487	1156
7488	1135
7489	1028
7490	861
7491	663
7492	448
7493	213
7494	202
7495	331
7496	488
7497	612
7498	708
7499	782
7500	848
7501	785
7502	732
7503	748
7504	647
7505	725
7506	919
7507	932
7508	880
7509	885
7510	922
7511	989
7512	937
7513	968
7514	867
7515	695
7516	419
7517	192
7518	190
7519	239
7520	403
7521	555
7522	660
7523	742
7524	790
7525	717
7526	752
7527	675
7528	667
7529	717
7530	801
7531	867
7532	727
7533	775
7534	738
7535	595
7536	446
7537	257
7538	184
7539	139
7540	161
7541	232
7542	363
7543	645
7544	791
7545	921
7546	746
7547	700
7548	705
7549	714
7550	786
7551	787
7552	730
7553	881
7554	1055
7555	1092
7556	1161
7557	1169
7558	995
7559	727
7560	465
7561	269
7562	180
7563	110
7564	127
7565	191
7566	495
7567	867
7568	1006
7569	911
7570	865
7571	842
7572	812
7573	864
7574	900
7575	954
7576	1068
7577	1335
7578	1540
7579	1756
7580	1429
7581	1396
7582	1324
7583	1025
7584	685
7585	381
7586	241
7587	160
7588	151
7589	235
7590	468
7591	934
7592	1160
7593	1051
7594	919
7595	896
7596	903
7597	909
7598	986
7599	1011
7600	1026
7601	1175
7602	1556
7603	1731
7604	1422
7605	1351
7606	1423
7607	1126
7608	726
7609	475
7610	282
7611	193
7612	186
7613	242
7614	439
7615	920
7616	1144
7617	1004
7618	894
7619	937
7620	932
7621	889
7622	957
7623	898
7624	1020
7625	1146
7626	1581
7627	1503
7628	1350
7629	1410
7630	1354
7631	1260
7632	1038
7633	674
7634	436
7635	291
7636	246
7637	241
7638	436
7639	867
7640	1022
7641	902
7642	878
7643	845
7644	848
7645	844
7646	846
7647	864
7648	891
7649	1023
7650	1270
7651	1348
7652	1111
7653	1225
7654	1209
7655	1127
7656	1037
7657	1026
7658	937
7659	669
7660	431
7661	206
7662	224
7663	314
7664	482
7665	627
7666	658
7667	707
7668	759
7669	722
7670	688
7671	746
7672	660
7673	714
7674	855
7675	871
7676	829
7677	837
7678	904
7679	892
7680	1036
7681	1024
7682	864
7683	762
7684	486
7685	214
7686	184
7687	242
7688	333
7689	504
7690	651
7691	834
7692	781
7693	805
7694	768
7695	738
7696	726
7697	699
7698	775
7699	753
7700	701
7701	677
7702	621
7703	511
7704	413
7705	207
7706	154
7707	116
7708	147
7709	258
7710	423
7711	659
7712	873
7713	879
7714	755
7715	721
7716	740
7717	759
7718	752
7719	848
7720	1001
7721	1217
7722	1425
7723	1489
7724	1196
7725	1211
7726	985
7727	757
7728	518
7729	340
7730	192
7731	151
7732	108
7733	174
7734	431
7735	751
7736	1020
7737	954
7738	819
7739	777
7740	778
7741	832
7742	875
7743	880
7744	1038
7745	1240
7746	1586
7747	1740
7748	1338
7749	1487
7750	1360
7751	1102
7752	715
7753	420
7754	239
7755	157
7756	175
7757	198
7758	453
7759	898
7760	1121
7761	1031
7762	934
7763	922
7764	855
7765	846
7766	927
7767	952
7768	1014
7769	1219
7770	1495
7771	1716
7772	1400
7773	1501
7774	1426
7775	1147
7776	729
7777	486
7778	309
7779	208
7780	175
7781	231
7782	474
7783	938
7784	1116
7785	1038
7786	906
7787	865
7788	856
7789	861
7790	917
7791	875
7792	945
7793	1097
7794	1374
7795	1480
7796	1379
7797	1403
7798	1364
7799	1281
7800	1016
7801	689
7802	458
7803	284
7804	245
7805	233
7806	422
7807	760
7808	1091
7809	933
7810	907
7811	832
7812	831
7813	827
7814	918
7815	894
7816	840
7817	1085
7818	1387
7819	1421
7820	1128
7821	1206
7822	1167
7823	1175
7824	1090
7825	1066
7826	853
7827	665
7828	455
7829	182
7830	214
7831	355
7832	431
7833	614
7834	719
7835	781
7836	833
7837	742
7838	756
7839	726
7840	689
7841	788
7842	938
7843	1039
7844	963
7845	976
7846	1068
7847	1138
7848	1106
7849	1088
7850	1008
7851	762
7852	497
7853	224
7854	190
7855	252
7856	387
7857	571
7858	737
7859	839
7860	939
7861	881
7862	768
7863	869
7864	726
7865	796
7866	933
7867	859
7868	829
7869	721
7870	680
7871	563
7872	376
7873	213
7874	146
7875	107
7876	104
7877	183
7878	404
7879	733
7880	823
7881	868
7882	850
7883	751
7884	773
7885	725
7886	825
7887	833
7888	963
7889	1075
7890	1432
7891	1421
7892	1156
7893	1207
7894	1090
7895	795
7896	530
7897	328
7898	202
7899	131
7900	155
7901	219
7902	428
7903	759
7904	887
7905	875
7906	794
7907	820
7908	858
7909	824
7910	809
7911	749
7912	737
7913	926
7914	1120
7915	1261
7916	1113
7917	1168
7918	1131
7919	1058
7920	746
7921	515
7922	299
7923	182
7924	198
7925	235
7926	448
7927	780
7928	945
7929	923
7930	774
7931	778
7932	789
7933	910
7934	980
7935	860
7936	929
7937	1140
7938	1357
7939	1265
7940	890
7941	895
7942	842
7943	740
7944	700
7945	517
7946	473
7947	361
7948	332
7949	268
7950	346
7951	416
7952	505
7953	606
7954	680
7955	768
7956	824
7957	778
7958	750
7959	808
7960	751
7961	683
7962	624
7963	699
7964	700
7965	740
7966	725
7967	586
7968	418
7969	294
7970	214
7971	143
7972	127
7973	84
7974	175
7975	267
7976	368
7977	436
7978	480
7979	516
7980	578
7981	611
7982	658
7983	651
7984	827
7985	920
7986	933
7987	946
7988	703
7989	679
7990	731
7991	683
7992	614
7993	536
7994	489
7995	386
7996	258
7997	111
7998	133
7999	162
8000	294
8001	392
8002	490
8003	579
8004	624
8005	682
8006	656
8007	667
8008	610
8009	714
8010	764
8011	810
8012	739
8013	748
8014	824
8015	815
8016	731
8017	717
8018	639
8019	456
8020	337
8021	141
8022	139
8023	209
8024	327
8025	395
8026	497
8027	592
8028	662
8029	642
8030	611
8031	533
8032	629
8033	669
8034	728
8035	695
8036	679
8037	663
8038	547
8039	474
8040	332
8041	204
8042	118
8043	97
8044	132
8045	192
8046	396
8047	652
8048	926
8049	847
8050	742
8051	713
8052	750
8053	731
8054	787
8055	863
8056	1013
8057	1136
8058	1252
8059	1404
8060	1202
8061	1165
8062	1023
8063	796
8064	459
8065	265
8066	191
8067	118
8068	108
8069	190
8070	400
8071	848
8072	974
8073	1005
8074	849
8075	835
8076	842
8077	817
8078	944
8079	895
8080	925
8081	1162
8082	1426
8083	1513
8084	1281
8085	1416
8086	1314
8087	1036
8088	672
8089	451
8090	245
8091	191
8092	160
8093	193
8094	408
8095	868
8096	1033
8097	1026
8098	851
8099	843
8100	922
8101	844
8102	918
8103	825
8104	934
8105	1142
8106	1410
8107	1490
8108	1247
8109	1379
8110	1380
8111	1265
8112	868
8113	524
8114	333
8115	236
8116	176
8117	222
8118	450
8119	904
8120	1146
8121	1011
8122	850
8123	879
8124	940
8125	909
8126	1089
8127	894
8128	898
8129	1152
8130	1451
8131	1588
8132	1377
8133	1394
8134	1410
8135	1377
8136	1093
8137	760
8138	516
8139	325
8140	247
8141	233
8142	522
8143	831
8144	1104
8145	1075
8146	1038
8147	872
8148	833
8149	907
8150	942
8151	851
8152	913
8153	1053
8154	1391
8155	1730
8156	1381
8157	1321
8158	1321
8159	1315
8160	1279
8161	1085
8162	860
8163	660
8164	465
8165	198
8166	199
8167	367
8168	489
8169	664
8170	772
8171	902
8172	877
8173	900
8174	846
8175	860
8176	689
8177	750
8178	880
8179	874
8180	940
8181	930
8182	1004
8183	1038
8184	1177
8185	1091
8186	984
8187	883
8188	548
8189	228
8190	179
8191	228
8192	385
8193	581
8194	827
8195	926
8196	939
8197	891
8198	797
8199	782
8200	754
8201	782
8202	921
8203	845
8204	847
8205	828
8206	707
8207	644
8208	433
8209	276
8210	174
8211	152
8212	162
8213	256
8214	499
8215	849
8216	964
8217	924
8218	826
8219	777
8220	836
8221	861
8222	841
8223	900
8224	1054
8225	1275
8226	1589
8227	1652
8228	1351
8229	1399
8230	1264
8231	1011
8232	617
8233	384
8234	274
8235	158
8236	145
8237	200
8238	440
8239	989
8240	1212
8241	1101
8242	935
8243	856
8244	952
8245	875
8246	921
8247	903
8248	1116
8249	1378
8250	1729
8251	1850
8252	1546
8253	1561
8254	1589
8255	1306
8256	845
8257	579
8258	350
8259	210
8260	168
8261	238
8262	496
8263	1021
8264	1160
8265	1074
8266	999
8267	931
8268	1000
8269	880
8270	1008
8271	921
8272	909
8273	1124
8274	1305
8275	1442
8276	1266
8277	1450
8278	1473
8279	1489
8280	1000
8281	662
8282	387
8283	261
8284	205
8285	264
8286	483
8287	1026
8288	1176
8289	1030
8290	951
8291	989
8292	1033
8293	951
8294	975
8295	946
8296	912
8297	1136
8298	1616
8299	1725
8300	1527
8301	1483
8302	1477
8303	1630
8304	1461
8305	1090
8306	695
8307	392
8308	278
8309	251
8310	483
8311	1006
8312	1181
8313	1110
8314	1041
8315	1029
8316	977
8317	987
8318	998
8319	941
8320	953
8321	1135
8322	1390
8323	1598
8324	1258
8325	1300
8326	1319
8327	1302
8328	1236
8329	1244
8330	1095
8331	778
8332	490
8333	225
8334	222
8335	355
8336	589
8337	879
8338	1063
8339	1136
8340	1150
8341	1161
8342	1146
8343	1097
8344	868
8345	1008
8346	1366
8347	1519
8348	1425
8349	1329
8350	1202
8351	1202
8352	1383
8353	1239
8354	899
8355	632
8356	391
8357	172
8358	178
8359	234
8360	431
8361	633
8362	832
8363	888
8364	972
8365	929
8366	885
8367	887
8368	827
8369	875
8370	900
8371	910
8372	917
8373	895
8374	859
8375	590
8376	458
8377	271
8378	184
8379	130
8380	174
8381	254
8382	452
8383	765
8384	998
8385	1018
8386	839
8387	832
8388	935
8389	870
8390	897
8391	955
8392	1017
8393	1121
8394	1359
8395	1496
8396	1332
8397	1410
8398	1326
8399	1099
8400	722
8401	473
8402	330
8403	205
8404	163
8405	212
8406	472
8407	993
8408	1180
8409	1044
8410	1011
8411	1073
8412	957
8413	982
8414	987
8415	992
8416	968
8417	1314
8418	1612
8419	1790
8420	1549
8421	1612
8422	1537
8423	1418
8424	996
8425	614
8426	358
8427	234
8428	186
8429	253
8430	452
8431	939
8432	1233
8433	1166
8434	968
8435	966
8436	969
8437	904
8438	955
8439	856
8440	864
8441	1059
8442	1427
8443	1726
8444	1449
8445	1551
8446	1396
8447	1420
8448	1161
8449	755
8450	496
8451	267
8452	225
8453	296
8454	475
8455	938
8456	1142
8457	1120
8458	1001
8459	965
8460	935
8461	916
8462	908
8463	843
8464	840
8465	1024
8466	1422
8467	1581
8468	1317
8469	1464
8470	1413
8471	1495
8472	1271
8473	944
8474	632
8475	368
8476	317
8477	291
8478	470
8479	867
8480	1134
8481	1057
8482	962
8483	947
8484	944
8485	842
8486	970
8487	944
8488	953
8489	1168
8490	1357
8491	1466
8492	1232
8493	1141
8494	1155
8495	1129
8496	1086
8497	1073
8498	888
8499	713
8500	500
8501	261
8502	290
8503	340
8504	447
8505	615
8506	722
8507	847
8508	818
8509	801
8510	770
8511	770
8512	668
8513	709
8514	790
8515	820
8516	778
8517	719
8518	781
8519	851
8520	942
8521	940
8522	821
8523	655
8524	428
8525	207
8526	227
8527	250
8528	385
8529	464
8530	667
8531	710
8532	774
8533	688
8534	767
8535	664
8536	592
8537	649
8538	637
8539	597
8540	572
8541	567
8542	532
8543	467
8544	364
8545	248
8546	182
8547	125
8548	169
8549	165
8550	391
8551	593
8552	832
8553	814
8554	811
8555	887
8556	823
8557	792
8558	911
8559	836
8560	846
8561	856
8562	1110
8563	1106
8564	908
8565	871
8566	777
8567	634
8568	462
8569	347
8570	237
8571	165
8572	171
8573	175
8574	312
8575	535
8576	742
8577	840
8578	834
8579	987
8580	1032
8581	1016
8582	1091
8583	1159
8584	1171
8585	1336
8586	1365
8587	1145
8588	838
8589	878
8590	848
8591	800
8592	706
8593	502
8594	302
8595	209
8596	136
8597	92
8598	195
8599	214
8600	312
8601	416
8602	526
8603	618
8604	696
8605	717
8606	739
8607	655
8608	653
8609	720
8610	708
8611	664
8612	668
8613	769
8614	711
8615	516
8616	340
8617	223
8618	144
8619	82
8620	76
8621	84
8622	147
8623	250
8624	416
8625	467
8626	520
8627	554
8628	544
8629	555
8630	530
8631	601
8632	745
8633	856
8634	957
8635	849
8636	669
8637	652
8638	668
8639	540
8640	435
8641	329
8642	234
8643	181
8644	134
8645	113
8646	196
8647	297
8648	506
8649	488
8650	588
8651	564
8652	619
8653	626
8654	706
8655	714
8656	760
8657	881
8658	965
8659	999
8660	703
8661	726
8662	782
8663	805
8664	665
8665	622
8666	538
8667	437
8668	282
8669	142
8670	141
8671	163
8672	247
8673	382
8674	494
8675	495
8676	587
8677	570
8678	563
8679	605
8680	565
8681	585
8682	683
8683	682
8684	582
8685	610
8686	712
8687	706
8688	779
8689	726
8690	639
8691	559
8692	356
8693	126
8694	137
8695	144
8696	234
8697	336
8698	485
8699	612
8700	742
8701	791
8702	802
8703	863
8704	680
8705	602
8706	659
8707	657
8708	620
8709	579
8710	570
8711	588
8712	490
8713	276
8714	189
8715	176
8716	135
8717	104
8718	231
8719	341
8720	575
8721	607
8722	570
8723	605
8724	670
8725	665
8726	672
8727	785
8728	839
8729	977
8730	1237
8731	1259
8732	884
8733	934
8734	843
8735	850
8736	723
8737	543
8738	405
8739	265
8740	188
8741	134
8742	253
8743	361
8744	584
8745	652
8746	718
8747	733
8748	835
8749	948
8750	1018
8751	1024
8752	1198
8753	1422
8754	1718
8755	1938
8756	1770
8757	1732
8758	1651
8759	1384
